       0.000      47.6035111      0.0000000      0.0000000     47.6035111
      10.000      47.6019321      0.5561188      1.5420605     47.6074932
      20.000      47.5800078      5.0170670     17.2890329     47.6803491
      30.000      47.4675881     19.4368364     61.0166027     48.0506932
      40.000      47.1535225     45.0319331    120.9805092     48.9547998
      50.000      46.5403305     78.6109291    181.4331275     50.4708770
      60.000      45.5669650    116.5294645    234.6588120     52.5587328
      70.000      44.2042449    156.1314250    278.7791373     55.1334447
      80.000      42.4442855    195.7722577    314.4454936     58.1060661
      90.000      40.2918169    234.5225031    343.0571013     61.3988421
     100.000      37.7584392    271.9001708    366.0355076     64.9484563
     110.000      34.8591281    307.6883254    384.5929828     68.7048439
     120.000      31.6101970    341.8218998    399.6958673     72.6288250
     130.000      28.0281461    374.3201177    412.0929812     76.6897613
     140.000      24.1290352    405.2468511    422.3585738     80.8635944
     150.000      19.9281631    434.6876115    430.9324130     85.1313049
     160.000      15.4399231    462.7363449    438.1524304     89.4777383
     170.000      10.6777595    489.4879904    444.2798603     93.8907179
     180.000       5.6541801    515.0344241    449.5181267     98.3603765
     190.000       0.3807986    539.4623886    454.0268947    102.8786524
     200.000      -5.1316091    562.8525788    457.9325031    107.4389066
     210.000     -10.8730424    585.2793927    461.3357280    112.0356300
     220.000     -16.8342138    606.8110551    464.3175882    116.6642183
     230.000     -23.0064882    627.5099372    466.9437129    121.3207973
     240.000     -29.3818269    647.4329721    469.2676516    126.0020864
     250.000     -35.9527351    666.6321029    471.3333995    130.7052906
     260.000     -42.7122144    685.1547312    473.1773400    135.4280157
     270.000     -49.6537195    703.0441443    474.8297492    140.1681995
     280.000     -56.7711189    720.3399144    476.3159697    144.9240571
     290.000     -64.0586600    737.0782635    477.6573333    149.6940364
     300.000     -71.5109371    753.2923949    478.8718907    154.4767814
     310.000     -79.1228624    769.0127914    479.9749926    159.2711029
     320.000     -86.8896408    784.2674827    480.9797561    164.0759537
     330.000     -94.8067460    799.0822847    481.8974397    168.8904080
     340.000    -102.8698998    813.4810131    482.7377481    173.7136447
     350.000    -111.0750529    827.4856743    483.5090809    178.5449331
     360.000    -119.4183677    841.1166349    484.2187356    183.3836208
     370.000    -127.8962030    854.3927744    484.8730762    188.2291235
     380.000    -136.5050991    867.3316202    485.4776712    193.0809166
     390.000    -145.2417655    879.9494693    486.0374100    197.9385275
     400.000    -154.1030692    892.2614971    486.5565989    202.8015297
     410.000    -163.0860233    904.2818546    487.0390422    207.6695371
     420.000    -172.1877782    916.0237559    487.4881107    212.5421993
     430.000    -181.4056115    927.4995572    487.9067991    217.4191980
     440.000    -190.7369209    938.7208271    488.2977752    222.3002430
     450.000    -200.1792159    949.6984111    488.6634213    227.1850691
     460.000    -209.7301109    960.4424891    489.0058703    232.0734341
     470.000    -219.3873192    970.9626274    489.3270363    236.9651156
     480.000    -229.1486470    981.2678264    489.6286403    241.8599096
     490.000    -239.0119876    991.3665633    489.9122339    246.7576284
     500.000    -248.9753168   1001.2668315    490.1792181    251.6580990
     510.000    -259.0366879   1010.9761755    490.4308608    256.5611616
     520.000    -269.1942277   1020.5017242    490.6683115    261.4666689
     530.000    -279.4461322   1029.8502194    490.8926145    266.3744841
     540.000    -289.7906632   1039.0280439    491.1047200    271.2844805
     550.000    -300.2261444   1048.0412456    491.3054941    276.1965407
     560.000    -310.7509585   1056.8955604    491.4957277    281.1105553
     570.000    -321.3635442   1065.5964328    491.6761438    286.0264225
     580.000    -332.0623930   1074.1490355    491.8474049    290.9440476
     590.000    -342.8460471   1082.5582868    492.0101186    295.8633421
     600.000    -353.7130965   1090.8288665    492.1648430    300.7842234
     610.000    -364.6621770   1098.9652313    492.3120915    305.7066141
     620.000    -375.6919679   1106.9716287    492.4523370    310.6304419
     630.000    -386.8011899   1114.8521093    492.5860156    315.5556389
     640.000    -397.9886033   1122.6105390    492.7135303    320.4821417
     650.000    -409.2530062   1130.2506099    492.8352534    325.4098902
     660.000    -420.5932327   1137.7758505    492.9515297    330.3388286
     670.000    -432.0081517   1145.1896350    493.0626789    335.2689038
     680.000    -443.4966647   1152.4951923    493.1689974    340.2000660
     690.000    -455.0577051   1159.6956139    493.2707607    345.1322685
     700.000    -466.6902364   1166.7938619    493.3682248    350.0654669
     710.000    -478.3932512   1173.7927756    493.4616282    354.9996195
     720.000    -490.1657699   1180.6950786    493.5511930    359.9346867
     730.000    -502.0068395   1187.5033845    493.6371262    364.8706312
     740.000    -513.9155326   1194.2202032    493.7196214    369.8074178
     750.000    -525.8909466   1200.8479459    493.7988593    374.7450128
     760.000    -537.9322024   1207.3889303    493.8750087    379.6833847
     770.000    -550.0384435   1213.8453853    493.9482280    384.6225032
     780.000    -562.2088355   1220.2194557    494.0186654    389.5623399
     790.000    -574.4425649   1226.5132058    494.0864598    394.5028677
     800.000    -586.7388385   1232.7286241    494.1517416    399.4440608
     810.000    -599.0968826   1238.8676262    494.2146334    404.3858946
     820.000    -611.5159425   1244.9320589    494.2752502    409.3283459
     830.000    -623.9952812   1250.9237031    494.3337003    414.2713924
     840.000    -636.5341796   1256.8442769    494.3900857    419.2150130
     850.000    -649.1319354   1262.6954387    494.4445023    424.1591875
     860.000    -661.7878624   1268.4787897    494.4970406    429.1038968
     870.000    -674.5012903   1274.1958766    494.5477860    434.0491224
     880.000    -687.2715640   1279.8481941    494.5968191    438.9948468
     890.000    -700.0980431   1285.4371869    494.6442160    443.9410533
     900.000    -712.9801013   1290.9642524    494.6900485    448.8877259
     910.000    -725.9171262   1296.4307423    494.7343847    453.8348493
     920.000    -738.9085186   1301.8379646    494.7772890    458.7824088
     930.000    -751.9536922   1307.1871857    494.8188224    463.7303905
     940.000    -765.0520731   1312.4796319    494.8590424    468.6787809
     950.000    -778.2030995   1317.7164912    494.8980040    473.6275671
     960.000    -791.4062215   1322.8989150    494.9357590    478.5767369
     970.000    -804.6609001   1328.0280191    494.9723566    483.5262785
     980.000    -817.9666077   1333.1048858    495.0078437    488.4761804
     990.000    -831.3228272   1338.1305646    495.0422646    493.4264318
    1000.000    -844.7290518   1343.1060740    495.0756618    498.3770222
    1010.000    -858.1847848   1348.0324025    495.1080752    503.3279417
    1020.000    -871.6895391   1352.9105095    495.1395432    508.2791806
    1030.000    -885.2428373   1357.7413271    495.1701020    513.2307296
    1040.000    -898.8442110   1362.5257603    495.1997865    518.1825797
    1050.000    -912.4932008   1367.2646889    495.2286296    523.1347225
    1060.000    -926.1893560   1371.9589675    495.2566627    528.0871496
    1070.000    -939.9322341   1376.6094274    495.2839159    533.0398531
    1080.000    -953.7214012   1381.2168765    495.3104179    537.9928254
    1090.000    -967.5564309   1385.7821009    495.3361959    542.9460591
    1100.000    -981.4369050   1390.3058655    495.3612761    547.8995470
    1110.000    -995.3624125   1394.7889143    495.3856835    552.8532824
    1120.000   -1009.3325500   1399.2319719    495.4094418    557.8072585
    1130.000   -1023.3469210   1403.6357435    495.4325739    562.7614691
    1140.000   -1037.4051362   1408.0009159    495.4551015    567.7159080
    1150.000   -1051.5068129   1412.3281583    495.4770456    572.6705692
    1160.000   -1065.6515751   1416.6181225    495.4984261    577.6254470
    1170.000   -1079.8390532   1420.8714437    495.5192621    582.5805359
    1180.000   -1094.0688839   1425.0887410    495.5395720    587.5358305
    1190.000   -1108.3407099   1429.2706181    495.5593732    592.4913256
    1200.000   -1122.6541801   1433.4176637    495.5786827    597.4470163
    1210.000   -1137.0089490   1437.5304519    495.5975165    602.4028977
    1220.000   -1151.4046768   1441.6095426    495.6158903    607.3589651
    1230.000   -1165.8410294   1445.6554825    495.6338187    612.3152140
    1240.000   -1180.3176778   1449.6688047    495.6513161    617.2716401
    1250.000   -1194.8342985   1453.6500300    495.6683962    622.2282390
    1260.000   -1209.3905731   1457.5996664    495.6850721    627.1850066
    1270.000   -1223.9861882   1461.5182105    495.7013565    632.1419391
    1280.000   -1238.6208353   1465.4061467    495.7172616    637.0990325
    1290.000   -1253.2942107   1469.2639487    495.7327990    642.0562831
    1300.000   -1268.0060153   1473.0920789    495.7479799    647.0136873
    1310.000   -1282.7559548   1476.8909896    495.7628152    651.9712416
    1320.000   -1297.5437392   1480.6611225    495.7773153    656.9289425
    1330.000   -1312.3690828   1484.4029095    495.7914903    661.8867868
    1340.000   -1327.2317043   1488.1167728    495.8053496    666.8447712
    1350.000   -1342.1313266   1491.8031254    495.8189027    671.8028928
    1360.000   -1357.0676765   1495.4623712    495.8321585    676.7611483
    1370.000   -1372.0404849   1499.0949050    495.8451257    681.7195350
    1380.000   -1387.0494868   1502.7011135    495.8578125    686.6780499
    1390.000   -1402.0944207   1506.2813748    495.8702269    691.6366903
    1400.000   -1417.1750291   1509.8360590    495.8823768    696.5954535
    1410.000   -1432.2910579   1513.3655283    495.8942695    701.5543370
    1420.000   -1447.4422568   1516.8701372    495.9059122    706.5133381
    1430.000   -1462.6283789   1520.3502331    495.9173120    711.4724544
    1440.000   -1477.8491808   1523.8061558    495.9284756    716.4316835
    1450.000   -1493.1044225   1527.2382384    495.9394093    721.3910232
    1460.000   -1508.3938672   1530.6468070    495.9501195    726.3504710
    1470.000   -1523.7172814   1534.0321811    495.9606122    731.3100248
    1480.000   -1539.0744346   1537.3946737    495.9708933    736.2696825
    1490.000   -1554.4650996   1540.7345917    495.9809684    741.2294420
    1500.000   -1569.8890522   1544.0522356    495.9908430    746.1893012
    1510.000   -1585.3460710   1547.3479002    496.0005224    751.1492582
    1520.000   -1600.8359379   1550.6218743    496.0100116    756.1093110
    1530.000   -1616.3584372   1553.8744412    496.0193157    761.0694578
    1540.000   -1631.9133563   1557.1058786    496.0284393    766.0296968
    1550.000   -1647.5004852   1560.3164589    496.0373872    770.9900260
    1560.000   -1663.1196168   1563.5064492    496.0461639    775.9504439
    1570.000   -1678.7705464   1566.6761116    496.0547736    780.9109488
    1580.000   -1694.4530721   1569.8257032    496.0632205    785.8715389
    1590.000   -1710.1669944   1572.9554762    496.0715089    790.8322126
    1600.000   -1725.9121164   1576.0656781    496.0796425    795.7929685
    1610.000   -1741.6882436   1579.1565519    496.0876252    800.7538050
    1620.000   -1757.4951838   1582.2283360    496.0954607    805.7147205
    1630.000   -1773.3327474   1585.2812645    496.1031527    810.6757137
    1640.000   -1789.2007470   1588.3155672    496.1107046    815.6367831
    1650.000   -1805.0989975   1591.3314696    496.1181197    820.5979274
    1660.000   -1821.0273158   1594.3291933    496.1254014    825.5591451
    1670.000   -1836.9855215   1597.3089559    496.1325529    830.5204349
    1680.000   -1852.9734358   1600.2709711    496.1395772    835.4817957
    1690.000   -1868.9908824   1603.2154488    496.1464773    840.4432261
    1700.000   -1885.0376870   1606.1425952    496.1532562    845.4047248
    1710.000   -1901.1136772   1609.0526129    496.1599166    850.3662908
    1720.000   -1917.2186828   1611.9457009    496.1664614    855.3279228
    1730.000   -1933.3525355   1614.8220550    496.1728931    860.2896197
    1740.000   -1949.5150688   1617.6818673    496.1792143    865.2513803
    1750.000   -1965.7061183   1620.5253268    496.1854276    870.2132036
    1760.000   -1981.9255214   1623.3526193    496.1915355    875.1750885
    1770.000   -1998.1731174   1626.1639273    496.1975402    880.1370340
    1780.000   -2014.4487473   1628.9594305    496.2034441    885.0990390
    1790.000   -2030.7522539   1631.7393053    496.2092495    890.0611025
    1800.000   -2047.0834819   1634.5037253    496.2149584    895.0232236
    1810.000   -2063.4422775   1637.2528612    496.2205732    899.9854014
    1820.000   -2079.8284887   1639.9868810    496.2260957    904.9476348
    1830.000   -2096.2419653   1642.7059499    496.2315280    909.9099230
    1840.000   -2112.6825584   1645.4102301    496.2368721    914.8722650
    1850.000   -2129.1501211   1648.0998817    496.2421298    919.8346601
    1860.000   -2145.6445078   1650.7750619    496.2473031    924.7971074
    1870.000   -2162.1655746   1653.4359254    496.2523936    929.7596059
    1880.000   -2178.7131791   1656.0826245    496.2574033    934.7221550
    1890.000   -2195.2871804   1658.7153091    496.2623337    939.6847537
    1900.000   -2211.8874391   1661.3341266    496.2671865    944.6474014
    1910.000   -2228.5138172   1663.9392222    496.2719634    949.6100972
    1920.000   -2245.1661783   1666.5307389    496.2766659    954.5728404
    1930.000   -2261.8443872   1669.1088173    496.2812955    959.5356303
    1940.000   -2278.5483103   1671.6735960    496.2858539    964.4984661
    1950.000   -2295.2778152   1674.2252114    496.2903423    969.4613471
    1960.000   -2312.0327711   1676.7637978    496.2947623    974.4242727
    1970.000   -2328.8130482   1679.2894875    496.2991152    979.3872421
    1980.000   -2345.6185183   1681.8024106    496.3034024    984.3502548
    1990.000   -2362.4490543   1684.3026956    496.3076251    989.3133100
    2000.000   -2379.3045305   1686.7904688    496.3117848    994.2764071