       0.000     268.5458651      0.0000000      0.0000000    268.5458651
      10.000     268.5398529      1.8423749      3.9662077    268.5582766
      20.000     268.4901498      9.5953078     26.3075123    268.6820559
      30.000     268.2972454     32.6748116    105.4105321    269.2774898
      40.000     267.7473703     82.1005021    254.9684950    271.0313904
      50.000     266.5638566    158.6952457    441.2316752    274.4986189
      60.000     264.5045945    255.9309439    629.4445615    279.8604512
      70.000     261.4022114    366.1337345    801.2894587    287.0315728
      80.000     257.1594291    483.1491427    950.8631414    295.8113605
      90.000     251.7308998    602.7139003   1078.3997034    305.9751508
     100.000     245.1059174    722.0836502   1186.4269264    317.3142824
     110.000     237.2955660    839.5744330   1277.9646184    329.6487536
     120.000     228.3240281    954.1999416   1355.8215842    342.8280211
     130.000     218.2229479   1065.4203993   1422.3883832    356.7275998
     140.000     207.0278495   1172.9777603   1479.6268350    371.2447359
     150.000     194.7758886   1276.7898686   1529.1248165    386.2943689
     160.000     181.5044559   1376.8829578   1572.1637532    401.8057292
     170.000     167.2503249   1473.3486215   1609.7802641    417.7195906
     180.000     152.0491455   1566.3163353   1642.8171153    433.9860858
     190.000     135.9351597   1655.9358887   1671.9636373    450.5629786
     200.000     118.9410588   1742.3661711   1697.7872648    467.4142930
     210.000     101.0979306   1825.7680589   1720.7580403    484.5092230
     220.000      82.4352636   1906.2999701   1741.2676844    501.8212571
     230.000      62.9809862   1984.1151600   1759.6445110    519.3274730
     240.000      42.7615269   2059.3601576   1776.1651651    537.0079647
     250.000      21.8018862   2132.1739506   1791.0639257    554.8453738
     260.000       0.1257140   2202.6876562   1804.5401294    572.8245046
     270.000     -22.2446116   2271.0245064   1816.7641336    590.9320051
     280.000     -45.2879059   2337.3000312   1827.8821389    609.1561028
     290.000     -68.9841024   2401.6223633   1838.0201103    627.4863830
     300.000     -93.3141803   2464.0926109   1847.2869853    645.9136030
     310.000    -118.2600966   2524.8052651   1855.7773121    664.4295356
     320.000    -143.8047219   2583.8486195   1863.5734286    683.0268363
     330.000    -169.9317803   2641.3051854   1870.7472727    701.6989309
     340.000    -196.6257940   2697.2520957   1877.3618903    720.4399185
     350.000    -223.8720310   2751.7614888   1883.4726994    739.2444900
     360.000    -251.6564575   2804.9008727   1889.1285515    758.1078566
     370.000    -279.9656929   2856.7334648   1894.3726276    777.0256890
     380.000    -308.7869687   2907.3185089   1899.2431969    795.9940646
     390.000    -338.1080902   2956.7115690   1903.7742616    815.0094217
     400.000    -367.9174011   3004.9648014   1907.9961056    834.0685195
     410.000    -398.2037505   3052.1272049   1911.9357652    853.1684035
     420.000    -428.9564629   3098.2448525   1915.6174315    872.3063751
     430.000    -460.1653098   3143.3611036   1919.0627969    891.4799647
     440.000    -491.8204834   3187.5167999   1922.2913546    910.6869086
     450.000    -523.9125726   3230.7504453   1925.3206569    929.9251278
     460.000    -556.4325401   3273.0983709   1928.1665394    949.1927105
     470.000    -589.3717022   3314.5948877   1930.8433160    968.4878951
     480.000    -622.7217082   3355.2724263   1933.3639492    987.8090564
     490.000    -656.4745232   3395.1616655   1935.7401982   1007.1546929
     500.000    -690.6224108   3434.2916513   1937.9827487   1026.5234148
     510.000    -725.1579173   3472.6899059   1940.1013278   1045.9139347
     520.000    -760.0738570   3510.3825284   1942.1048033   1065.3250578
     530.000    -795.3632984   3547.3942880   1944.0012729   1084.7556742
     540.000    -831.0195517   3583.7487094   1945.7981421   1104.2047513
     550.000    -867.0361562   3619.4681524   1947.5021931   1123.6713277
     560.000    -903.4068692   3654.5738853   1949.1196463   1143.1545066
     570.000    -940.1256557   3689.0861523   1950.6562144   1162.6534510
     580.000    -977.1866784   3723.0242366   1952.1171514   1182.1673788
     590.000   -1014.5842879   3756.4065187   1953.5072952   1201.6955581
     600.000   -1052.3130146   3789.2505305   1954.8311064   1221.2373037
     610.000   -1090.3675601   3821.5730050   1956.0927027   1240.7919729
     620.000   -1128.7427896   3853.3899236   1957.2958899   1260.3589631
     630.000   -1167.4337244   3884.7165590   1958.4441894   1279.9377078
     640.000   -1206.4355353   3915.5675157   1959.5408634   1299.5276748
     650.000   -1245.7435358   3945.9567675   1960.5889371   1319.1283631
     660.000   -1285.3531763   3975.8976927   1961.5912188   1338.7393009
     670.000   -1325.2600380   4005.4031067   1962.5503186   1358.3600435
     680.000   -1365.4598277   4034.4852928   1963.4686642   1377.9901714
     690.000   -1405.9483724   4063.1560303   1964.3485166   1397.6292885
     700.000   -1446.7216145   4091.4266215   1965.1919829   1417.2770205
     710.000   -1487.7756072   4119.3079165   1966.0010291   1436.9330135
     720.000   -1529.1065100   4146.8103368   1966.7774909   1456.5969325
     730.000   -1570.7105845   4173.9438971   1967.5230841   1476.2684604
     740.000   -1612.5841905   4200.7182259   1968.2394136   1495.9472966
     750.000   -1654.7237825   4227.1425848   1968.9279820   1515.6331561
     760.000   -1697.1259054   4253.2258866   1969.5901973   1535.3257684
     770.000   -1739.7871920   4278.9767125   1970.2273797   1555.0248767
     780.000   -1782.7043590   4304.4033278   1970.8407684   1574.7302367
     790.000   -1825.8742044   4329.5136975   1971.4315271   1594.4416166
     800.000   -1869.2936044   4354.3154999   1972.0007496   1614.1587955
     810.000   -1912.9595106   4378.8161405   1972.5494649   1633.8815632
     820.000   -1956.8689472   4403.0227645   1973.0786414   1653.6097197
     830.000   -2001.0190088   4426.9422684   1973.5891914   1673.3430740
     840.000   -2045.4068577   4450.5813119   1974.0819747   1693.0814443
     850.000   -2090.0297216   4473.9463278   1974.5578024   1712.8246570
     860.000   -2134.8848916   4497.0435325   1975.0174400   1732.5725464
     870.000   -2179.9697196   4519.8789355   1975.4616104   1752.3249542
     880.000   -2225.2816170   4542.4583481   1975.8909970   1772.0817293
     890.000   -2270.8180521   4564.7873922   1976.3062457   1791.8427270
     900.000   -2316.5765485   4586.8715084   1976.7079680   1811.6078091
     910.000   -2362.5546834   4608.7159633   1977.0967426   1831.3768432
     920.000   -2408.7500859   4630.3258571   1977.4731177   1851.1497027
     930.000   -2455.1604351   4651.7061302   1977.8376131   1870.9262660
     940.000   -2501.7834590   4672.8615702   1978.1907215   1890.7064170
     950.000   -2548.6169326   4693.7968175   1978.5329105   1910.4900440
     960.000   -2595.6586764   4714.5163715   1978.8646243   1930.2770403
     970.000   -2642.9065556   4735.0245965   1979.1862843   1950.0673030
     980.000   -2690.3584781   4755.3257264   1979.4982915   1969.8607338
     990.000   -2738.0123935   4775.4238701   1979.8010268   1989.6572379
    1000.000   -2785.8662921   4795.3230168   1980.0948529   2009.4567246
    1010.000   -2833.9182034   4815.0270395   1980.3801146   2029.2591064
    1020.000   -2882.1661951   4834.5397005   1980.6571406   2049.0642995
    1030.000   -2930.6083718   4853.8646550   1980.9262438   2068.8722228
    1040.000   -2979.2428743   4873.0054551   1981.1877226   2088.6827989
    1050.000   -3028.0678786   4891.9655537   1981.4418613   2108.4959528
    1060.000   -3077.0815943   4910.7483084   1981.6889313   2128.3116126
    1070.000   -3126.2822645   4929.3569843   1981.9291916   2148.1297088
    1080.000   -3175.6681643   4947.7947582   1982.1628894   2167.9501745
    1090.000   -3225.2376003   4966.0647209   1982.3902608   2187.7729455
    1100.000   -3274.9889094   4984.1698807   1982.6115316   2207.5979594
    1110.000   -3324.9204583   5002.1131665   1982.8269173   2227.4251565
    1120.000   -3375.0306426   5019.8974299   1983.0366244   2247.2544788
    1130.000   -3425.3178861   5037.5254485   1983.2408500   2267.0858707
    1140.000   -3475.7806398   5054.9999281   1983.4397832   2286.9192782
    1150.000   -3526.4173817   5072.3235052   1983.6336047   2306.7546493
    1160.000   -3577.2266155   5089.4987494   1983.8224878   2326.5919338
    1170.000   -3628.2068706   5106.5281656   1984.0065983   2346.4310832
    1180.000   -3679.3567009   5123.4141960   1984.1860954   2366.2720504
    1190.000   -3730.6746845   5140.1592224   1984.3611314   2386.1147902
    1200.000   -3782.1594230   5156.7655681   1984.5318527   2405.9592587
    1210.000   -3833.8095411   5173.2354996   1984.6983995   2425.8054134
    1220.000   -3885.6236857   5189.5712286   1984.8609067   2445.6532132
    1230.000   -3937.6005256   5205.7749138   1985.0195033   2465.5026184
    1240.000   -3989.7387509   5221.8486625   1985.1743137   2485.3535906
    1250.000   -4042.0370726   5237.7945320   1985.3254572   2505.2060925
    1260.000   -4094.4942219   5253.6145317   1985.4730483   2525.0600879
    1270.000   -4147.1089502   5269.3106238   1985.6171973   2544.9155420
    1280.000   -4199.8800278   5284.8847254   1985.7580103   2564.7724208
    1290.000   -4252.8062443   5300.3387099   1985.8955890   2584.6306914
    1300.000   -4305.8864077   5315.6744075   1986.0300317   2604.4903221
    1310.000   -4359.1193441   5330.8936077   1986.1614327   2624.3512819
    1320.000   -4412.5038974   5345.9980593   1986.2898829   2644.2135409
    1330.000   -4466.0389285   5360.9894726   1986.4154698   2664.0770700
    1340.000   -4519.7233156   5375.8695199   1986.5382777   2683.9418410
    1350.000   -4573.5559532   5390.6398368   1986.6583879   2703.8078266
    1360.000   -4627.5357519   5405.3020235   1986.7758787   2723.6750001
    1370.000   -4681.6616384   5419.8576453   1986.8908255   2743.5433357
    1380.000   -4735.9325547   5434.3082341   1987.0033011   2763.4128083
    1390.000   -4790.3474580   5448.6552890   1987.1133758   2783.2833937
    1400.000   -4844.9053203   5462.9002774   1987.2211172   2803.1550681
    1410.000   -4899.6051281   5477.0446359   1987.3265907   2823.0278085
    1420.000   -4954.4458822   5491.0897710   1987.4298594   2842.9015925
    1430.000   -5009.4265974   5505.0370601   1987.5309843   2862.7763985
    1440.000   -5064.5463018   5518.8878521   1987.6300241   2882.6522053
    1450.000   -5119.8040372   5532.6434686   1987.7270357   2902.5289923
    1460.000   -5175.1988582   5546.3052039   1987.8220741   2922.4067394
    1470.000   -5230.7298325   5559.8743264   1987.9151922   2942.2854273
    1480.000   -5286.3960402   5573.3520792   1988.0064414   2962.1650370
    1490.000   -5342.1965736   5586.7396803   1988.0958714   2982.0455501
    1500.000   -5398.1305373   5600.0383239   1988.1835299   3001.9269486
    1510.000   -5454.1970475   5613.2491804   1988.2694636   3021.8092149
    1520.000   -5510.3952321   5626.3733976   1988.3537171   3041.6923322
    1530.000   -5566.7242304   5639.4121008   1988.4363341   3061.5762838
    1540.000   -5623.1831927   5652.3663937   1988.5173566   3081.4610536
    1550.000   -5679.7712805   5665.2373589   1988.5968252   3101.3466258
    1560.000   -5736.4876657   5678.0260582   1988.6747794   3121.2329851
    1570.000   -5793.3315309   5690.7335334   1988.7512573   3141.1201165
    1580.000   -5850.3020690   5703.3608066   1988.8262960   3161.0080054
    1590.000   -5907.3984831   5715.9088810   1988.8999313   3180.8966377
    1600.000   -5964.6199859   5728.3787409   1988.9721979   3200.7859995
    1610.000   -6021.9658004   5740.7713525   1989.0431296   3220.6760772
    1620.000   -6079.4351587   5753.0876644   1989.1127588   3240.5668577
    1630.000   -6137.0273024   5765.3286077   1989.1811173   3260.4583281
    1640.000   -6194.7414826   5777.4950967   1989.2482358   3280.3504759
    1650.000   -6252.5769592   5789.5880291   1989.3141440   3300.2432888
    1660.000   -6310.5330010   5801.6082867   1989.3788709   3320.1367549
    1670.000   -6368.6088856   5813.5567353   1989.4424444   3340.0308624
    1680.000   -6426.8038991   5825.4342257   1989.5048918   3359.9256000
    1690.000   -6485.1173363   5837.2415934   1989.5662395   3379.8209566
    1700.000   -6543.5485000   5848.9796595   1989.6265130   3399.7169212
    1710.000   -6602.0967012   5860.6492307   1989.6857374   3419.6134833
    1720.000   -6660.7612590   5872.2510997   1989.7439368   3439.5106326
    1730.000   -6719.5415001   5883.7860456   1989.8011347   3459.4083587
    1740.000   -6778.4367593   5895.2548341   1989.8573538   3479.3066520
    1750.000   -6837.4463788   5906.6582180   1989.9126165   3499.2055026
    1760.000   -6896.5697082   5917.9969371   1989.9669442   3519.1049012
    1770.000   -6955.8061044   5929.2717191   1990.0203578   3539.0048385
    1780.000   -7015.1549318   5940.4832793   1990.0728778   3558.9053054
    1790.000   -7074.6155616   5951.6323211   1990.1245240   3578.8062931
    1800.000   -7134.1873721   5962.7195362   1990.1753155   3598.7077930
    1810.000   -7193.8697485   5973.7456051   1990.2252712   3618.6097966
    1820.000   -7253.6620826   5984.7111969   1990.2744093   3638.5122957
    1830.000   -7313.5637731   5995.6169701   1990.3227475   3658.4152821
    1840.000   -7373.5742248   6006.4635722   1990.3703030   3678.3187480
    1850.000   -7433.6928494   6017.2516406   1990.4170926   3698.2226857
    1860.000   -7493.9190646   6027.9818021   1990.4631327   3718.1270874
    1870.000   -7554.2522945   6038.6546740   1990.5084391   3738.0319459
    1880.000   -7614.6919691   6049.2708633   1990.5530275   3757.9372538
    1890.000   -7675.2375248   6059.8309676   1990.5969128   3777.8430041
    1900.000   -7735.8884035   6070.3355754   1990.6401097   3797.7491897
    1910.000   -7796.6440532   6080.7852656   1990.6826325   3817.6558040
    1920.000   -7857.5039277   6091.1806083   1990.7244953   3837.5628402
    1930.000   -7918.4674861   6101.5221647   1990.7657115   3857.4702918
    1940.000   -7979.5341935   6111.8104875   1990.8062944   3877.3781523
    1950.000   -8040.7035202   6122.0461209   1990.8462569   3897.2864156
    1960.000   -8101.9749421   6132.2296008   1990.8856115   3917.1950754
    1970.000   -8163.3479402   6142.3614548   1990.9243706   3937.1041258
    1980.000   -8224.8220008   6152.4422029   1990.9625460   3957.0135609
    1990.000   -8286.3966156   6162.4723570   1991.0001494   3976.9233748
    2000.000   -8348.0712810   6172.4524215   1991.0371923   3996.8335620