       0.000      94.6034458      0.0000000      0.0000000     94.6034458
      10.000      94.5984147      1.6908094      4.1671443     94.6153228
      20.000      94.5466559     10.3366684     28.4656186     94.7533892
      30.000      94.3477417     32.0370930     88.9784252     95.3088545
      40.000      93.8526282     69.5178324    179.1485671     96.6333415
      50.000      92.9133409    120.1539413    278.3593832     98.9210380
      60.000      91.4212238    179.3128829    371.7145417    102.1799968
      70.000      89.3125244    242.8820118    452.9199463    106.3142652
      80.000      86.5587333    307.9420698    520.9061077    111.1940989
      90.000      83.1549856    372.6364394    576.8748422    116.6922652
     100.000      79.1109318    435.8688850    622.7089980    122.6978203
     110.000      74.4445118    497.0402652    660.2829032    129.1189410
     120.000      69.1779796    555.8617965    691.2217429    135.8813952
     130.000      63.3354563    612.2327918    716.8545034    142.9257192
     140.000      56.9414649    666.1634683    738.2393395    150.2043505
     150.000      50.0200807    717.7270817    756.2093201    157.6791429
     160.000      42.5944587    767.0305637    771.4182784    165.3193489
     170.000      34.6865945    814.1966800    784.3801210    173.1000301
     180.000      26.3172232    859.3533269    795.5004047    181.0008221
     190.000      17.5058032    902.6272438    805.1009368    189.0049795
     200.000       8.2705466    944.1404520    813.4386680    197.0986370
     210.000      -1.3715224    984.0083747    820.7201212    205.2702363
     220.000     -11.4044973   1022.3389832    827.1124026    213.5100790
     230.000     -21.8135128   1059.2325637    832.7516254    221.8099768
     240.000     -32.5846684   1094.7818493    837.7493794    230.1629754
     250.000     -43.7049547   1129.0723577    842.1977256    238.5631348
     260.000     -55.1621829   1162.1828365    846.1730732    247.0053546
     270.000     -66.9449202   1194.1857536    849.7392087    255.4852333
     280.000     -79.0424289   1225.1477968    852.9496758    263.9989542
     290.000     -91.4446117   1255.1303598    855.8496576    272.5431927
     300.000    -104.1419602   1284.1900032    858.4774735    281.1150407
     310.000    -117.1255097   1312.3788836    860.8657772    289.7119443
     320.000    -130.3867963   1339.7451493    863.0425214    298.3316515
     330.000    -143.9178193   1366.3333008    865.0317379    306.9721700
     340.000    -157.7110062   1392.1845200    866.8541729    315.6317306
     350.000    -171.7591808   1417.3369670    868.5278066    324.3087577
     360.000    -186.0555346   1441.8260491    870.0682799    333.0018431
     370.000    -200.5936004   1465.6846637    871.4892477    341.7097251
     380.000    -215.3672285   1488.9434165    872.8026713    350.4312697
     390.000    -230.3705645   1511.6308198    874.0190628    359.1654552
     400.000    -245.5980293   1533.7734696    875.1476888    367.9113586
     410.000    -261.0443010   1555.3962071    876.1967429    376.6681439
     420.000    -276.7042980   1576.5222631    877.1734898    385.4350525
     430.000    -292.5731633   1597.1733897    878.0843885    394.2113943
     440.000    -308.6462508   1617.3699792    878.9351966    402.9965400
     450.000    -324.9191117   1637.1311707    879.7310590    411.7899151
     460.000    -341.3874830   1656.4749487    880.4765843    420.5909935
     470.000    -358.0472758   1675.4182312    881.1759103    429.3992928
     480.000    -374.8945658   1693.9769499    881.8327599    438.2143701
     490.000    -391.9255831   1712.1661240    882.4504902    447.0358177
     500.000    -409.1367038   1729.9999269    883.0321343    455.8632597
     510.000    -426.5244418   1747.4917471    883.5804383    464.6963493
     520.000    -444.0854411   1764.6542437    884.0978929    473.5347656
     530.000    -461.8164689   1781.4993976    884.5867613    482.3782118
     540.000    -479.7144091   1798.0385585    885.0491037    491.2264125
     550.000    -497.7762560   1814.2824869    885.4867985    500.0791118
     560.000    -515.9991088   1830.2413944    885.9015614    508.9360720
     570.000    -534.3801662   1845.9249790    886.2949618    517.7970718
     580.000    -552.9167214   1861.3424591    886.6684376    526.6619048
     590.000    -571.6061577   1876.5026038    887.0233080    535.5303786
     600.000    -590.4459436   1891.4137611    887.3607850    544.4023130
     610.000    -609.4336295   1906.0838844    887.6819840    553.2775400
     620.000    -628.5668432   1920.5205565    887.9879325    562.1559019
     630.000    -647.8432866   1934.7310120    888.2795784    571.0372510
     640.000    -667.2607324   1948.7221580    888.5577974    579.9214487
     650.000    -686.8170208   1962.5005933    888.8233991    588.8083649
     660.000    -706.5100563   1976.0726264    889.0771334    597.6978771
     670.000    -726.3378054   1989.4442921    889.3196953    606.5898703
     680.000    -746.2982935   2002.6213669    889.5517297    615.4842360
     690.000    -766.3896026   2015.6093832    889.7738359    624.3808718
     700.000    -786.6098687   2028.4136431    889.9865711    633.2796814
     710.000    -806.9572799   2041.0392305    890.1904542    642.1805737
     720.000    -827.4300740   2053.4910231    890.3859685    651.0834626
     730.000    -848.0265367   2065.7737033    890.5735651    659.9882667
     740.000    -868.7449994   2077.8917680    890.7536649    668.8949090
     750.000    -889.5838377   2089.8495388    890.9266614    677.8033163
     760.000    -910.5414697   2101.6511703    891.0929227    686.7134197
     770.000    -931.6163540   2113.3006591    891.2527933    695.6251535
     780.000    -952.8069886   2124.8018512    891.4065960    704.5384554
     790.000    -974.1119091   2136.1584497    891.5546336    713.4532662
     800.000    -995.5296875   2147.3740216    891.6971902    722.3695298
     810.000   -1017.0589309   2158.4520044    891.8345327    731.2871926
     820.000   -1038.6982800   2169.3957121    891.9669118    740.2062039
     830.000   -1060.4464082   2180.2083414    892.0945635    749.1265151
     840.000   -1082.3020202   2190.8929766    892.2177100    758.0480801
     850.000   -1104.2638510   2201.4525953    892.3365605    766.9708550
     860.000   -1126.3306650   2211.8900729    892.4513123    775.8947977
     870.000   -1148.5012546   2222.2081872    892.5621513    784.8198682
     880.000   -1170.7744398   2232.4096228    892.6692533    793.7460283
     890.000   -1193.1490668   2242.4969755    892.7727842    802.6732414
     900.000   -1215.6240074   2252.4727556    892.8729008    811.6014726
     910.000   -1238.1981581   2262.3393919    892.9697514    820.5306885
     920.000   -1260.8704393   2272.0992353    893.0634763    829.4608572
     930.000   -1283.6397945   2281.7545618    893.1542086    838.3919480
     940.000   -1306.5051895   2291.3075758    893.2420740    847.3239318
     950.000   -1329.4656121   2300.7604131    893.3271920    856.2567804
     960.000   -1352.5200707   2310.1151433    893.4096758    865.1904669
     970.000   -1375.6675946   2319.3737732    893.4896328    874.1249655
     980.000   -1398.9072324   2328.5382488    893.5671652    883.0602514
     990.000   -1422.2380520   2337.6104576    893.6423699    891.9963010
    1000.000   -1445.6591401   2346.5922315    893.7153390    900.9330914
    1010.000   -1469.1696011   2355.4853483    893.7861602    909.8706006
    1020.000   -1492.7685573   2364.2915343    893.8549169    918.8088077
    1030.000   -1516.4551476   2373.0124660    893.9216885    927.7476923
    1040.000   -1540.2285279   2381.6497721    893.9865506    936.6872351
    1050.000   -1564.0878696   2390.2050351    894.0495752    945.6274172
    1060.000   -1588.0323602   2398.6797933    894.1108310    954.5682207
    1070.000   -1612.0612021   2407.0755423    894.1703837    963.5096282
    1080.000   -1636.1736125   2415.3937365    894.2282955    972.4516229
    1090.000   -1660.3688231   2423.6357907    894.2846264    981.3941888
    1100.000   -1684.6460792   2431.8030814    894.3394331    990.3373104
    1110.000   -1709.0046399   2439.8969482    894.3927702    999.2809726
    1120.000   -1733.4437777   2447.9186953    894.4446897   1008.2251610
    1130.000   -1757.9627777   2455.8695925    894.4952414   1017.1698618
    1140.000   -1782.5609375   2463.7508763    894.5444728   1026.1150615
    1150.000   -1807.2375672   2471.5637515    894.5924295   1035.0607470
    1160.000   -1831.9919884   2479.3093917    894.6391551   1044.0069060
    1170.000   -1856.8235347   2486.9889409    894.6846913   1052.9535262
    1180.000   -1881.7315507   2494.6035141    894.7290782   1061.9005960
    1190.000   -1906.7153920   2502.1541984    894.7723540   1070.8481040
    1200.000   -1931.7744252   2509.6420539    894.8145555   1079.7960395
    1210.000   -1956.9080271   2517.0681147    894.8557180   1088.7443917
    1220.000   -1982.1155849   2524.4333896    894.8958753   1097.6931505
    1230.000   -2007.3964956   2531.7388630    894.9350597   1106.6423059
    1240.000   -2032.7501660   2538.9854956    894.9733025   1115.5918485
    1250.000   -2058.1760125   2546.1742252    895.0106336   1124.5417689
    1260.000   -2083.6734606   2553.3059673    895.0470817   1133.4920582
    1270.000   -2109.2419449   2560.3816162    895.0826744   1142.4427077
    1280.000   -2134.8809088   2567.4020452    895.1174382   1151.3937090
    1290.000   -2160.5898046   2574.3681073    895.1513988   1160.3450538
    1300.000   -2186.3680925   2581.2806361    895.1845805   1169.2967344
    1310.000   -2212.2152415   2588.1404461    895.2170071   1178.2487429
    1320.000   -2238.1307284   2594.9483337    895.2487012   1187.2010721
    1330.000   -2264.1140377   2601.7050769    895.2796848   1196.1537146
    1340.000   -2290.1646620   2608.4114369    895.3099790   1205.1066635
    1350.000   -2316.2821010   2615.0681577    895.3396039   1214.0599119
    1360.000   -2342.4658621   2621.6759673    895.3685792   1223.0134534
    1370.000   -2368.7154597   2628.2355774    895.3969237   1231.9672814
    1380.000   -2395.0304153   2634.7476849    895.4246556   1240.9213898
    1390.000   -2421.4102573   2641.2129711    895.4517924   1249.8757725
    1400.000   -2447.8545209   2647.6321033    895.4783510   1258.8304237
    1410.000   -2474.3627477   2654.0057343    895.5043477   1267.7853377
    1420.000   -2500.9344860   2660.3345034    895.5297982   1276.7405088
    1430.000   -2527.5692903   2666.6190365    895.5547178   1285.6959319
    1440.000   -2554.2667214   2672.8599464    895.5791210   1294.6516015
    1450.000   -2581.0263459   2679.0578334    895.6030221   1303.6075126
    1460.000   -2607.8477366   2685.2132855    895.6264347   1312.5636603
    1470.000   -2634.7304720   2691.3268787    895.6493720   1321.5200397
    1480.000   -2661.6741365   2697.3991775    895.6718468   1330.4766462
    1490.000   -2688.6783198   2703.4307349    895.6938714   1339.4334752
    1500.000   -2715.7426172   2709.4220929    895.7154579   1348.3905222
    1510.000   -2742.8666294   2715.3737830    895.7366176   1357.3477829
    1520.000   -2770.0499624   2721.2863260    895.7573619   1366.3052531
    1530.000   -2797.2922272   2727.1602326    895.7777014   1375.2629288
    1540.000   -2824.5930399   2732.9960037    895.7976467   1384.2208058
    1550.000   -2851.9520217   2738.7941304    895.8172079   1393.1788804
    1560.000   -2879.3687986   2744.5550945    895.8363948   1402.1371488
    1570.000   -2906.8430013   2750.2793684    895.8552168   1411.0956071
    1580.000   -2934.3742653   2755.9674159    895.8736831   1420.0542519
    1590.000   -2961.9622304   2761.6196918    895.8918027   1429.0130796
    1600.000   -2989.6065413   2767.2366426    895.9095841   1437.9720868
    1610.000   -3017.3068470   2772.8187063    895.9270358   1446.9312702
    1620.000   -3045.0628006   2778.3663130    895.9441658   1455.8906265
    1630.000   -3072.8740598   2783.8798848    895.9609820   1464.8501525
    1640.000   -3100.7402862   2789.3598362    895.9774920   1473.8098451
    1650.000   -3128.6611458   2794.8065740    895.9937031   1482.7697013
    1660.000   -3156.6363083   2800.2204979    896.0096226   1491.7297182
    1670.000   -3184.6654477   2805.6020003    896.0252574   1500.6898928
    1680.000   -3212.7482416   2810.9514667    896.0406143   1509.6502224
    1690.000   -3240.8843715   2816.2692756    896.0556997   1518.6107042
    1700.000   -3269.0735228   2821.5557990    896.0705201   1527.5713355
    1710.000   -3297.3153844   2826.8114024    896.0850817   1536.5321137
    1720.000   -3325.6096490   2832.0364449    896.0993903   1545.4930363
    1730.000   -3353.9560126   2837.2312794    896.1134518   1554.4541007
    1740.000   -3382.3541750   2842.3962526    896.1272720   1563.4153045
    1750.000   -3410.8038393   2847.5317055    896.1408562   1572.3766454
    1760.000   -3439.3047119   2852.6379732    896.1542099   1581.3381209
    1770.000   -3467.8565026   2857.7153850    896.1673381   1590.2997288
    1780.000   -3496.4589244   2862.7642648    896.1802460   1599.2614669
    1790.000   -3525.1116938   2867.7849312    896.1929385   1608.2233330
    1800.000   -3553.8145301   2872.7776973    896.2054202   1617.1853250
    1810.000   -3582.5671558   2877.7428710    896.2176959   1626.1474407
    1820.000   -3611.3692965   2882.6807554    896.2297701   1635.1096782
    1830.000   -3640.2206809   2887.5916483    896.2416471   1644.0720355
    1840.000   -3669.1210405   2892.4758430    896.2533313   1653.0345105
    1850.000   -3698.0701097   2897.3336277    896.2648267   1661.9971015
    1860.000   -3727.0676260   2902.1652862    896.2761374   1670.9598065
    1870.000   -3756.1133293   2906.9710978    896.2872674   1679.9226236
    1880.000   -3785.2069627   2911.7513372    896.2982204   1688.8855512
    1890.000   -3814.3482717   2916.5062747    896.3090003   1697.8485875
    1900.000   -3843.5370047   2921.2361765    896.3196105   1706.8117307
    1910.000   -3872.7729127   2925.9413046    896.3300548   1715.7749791
    1920.000   -3902.0557491   2930.6219168    896.3403364   1724.7383312
    1930.000   -3931.3852701   2935.2782671    896.3504589   1733.7017853
    1940.000   -3960.7612344   2939.9106053    896.3604253   1742.6653399
    1950.000   -3990.1834030   2944.5191776    896.3702390   1751.6289933
    1960.000   -4019.6515395   2949.1042264    896.3799031   1760.5927441
    1970.000   -4049.1654099   2953.6659903    896.3894205   1769.5565909
    1980.000   -4078.7247825   2958.2047043    896.3987942   1778.5205321
    1990.000   -4108.3294280   2962.7206001    896.4080271   1787.4845663
    2000.000   -4137.9791192   2967.2139057    896.4171220   1796.4486922
