       0.000      37.1721241      0.0000000      0.0000000     37.1721241
      10.000      37.1703872      0.6524312      1.8538779     37.1769115
      20.000      37.1458221      5.3515490     16.6934555     37.2528531
      30.000      37.0353560     18.3061839     52.9515645     37.5845415
      40.000      36.7497243     40.1379578    102.1296016     38.3552426
      50.000      36.2114637     68.3050274    151.4458413     39.6267151
      60.000      35.3725172     99.8353512    194.4716813     41.3626382
      70.000      34.2108634    132.5625727    229.7896647     43.4902435
      80.000      32.7217449    165.1655725    258.0904761     45.9349907
      90.000      30.9104344    196.9156838    280.6265227     48.6328459
     100.000      28.7875105    227.4488170    298.6165302     51.5323922
     110.000      26.3660350    256.6126517    313.0741325     54.5934267
     120.000      23.6599407    284.3735583    324.7933581     57.7847677
     130.000      20.6831421    310.7620341    334.3815270     61.0822065
     140.000      17.4490657    335.8412718    342.2996860     64.4668438
     150.000      13.9704213    359.6892590    348.8980820     67.9238102
     160.000      10.2591088    382.3887218    354.4441101     71.4413043
     170.000       6.3262017    404.0216071    359.1433752     75.0098749
     180.000       2.1819705    424.6661886    363.1552735     78.6218844
     190.000      -2.1640724    444.3956838    366.6044470     82.2711075
     200.000      -6.7031190    463.2777328    369.5892105     85.9524275
     210.000     -11.4270096    481.3743605    372.1877740     89.6616061
     220.000     -16.3281775    498.7421982    374.4628683     93.3951061
     230.000     -21.3995967    515.4328350    376.4652056     97.1499553
     240.000     -26.6347338    531.4932224    378.2360910    100.9236395
     250.000     -32.0275032    546.9660897    379.8094073    104.7140192
     260.000     -37.5722273    561.8903470    381.2131370    108.5192629
     270.000     -43.2636000    576.3014616    382.4705369    112.3377946
     280.000     -49.0966543    590.2318047    383.6010533    116.1682511
     290.000     -55.0667325    603.7109654    384.6210389    120.0094475
     300.000     -61.1694602    616.7660330    385.5443190    123.8603497
     310.000     -67.4007225    629.4218497    386.3826421    127.7200509
     320.000     -73.7566426    641.7012362    387.1460396    131.5877530
     330.000     -80.2335626    653.6251921    387.8431164    135.4627508
     340.000     -86.8280264    665.2130747    388.4812852    139.3444190
     350.000     -93.5367636    676.4827577    389.0669586    143.2322016
     360.000    -100.3566761    687.4507721    389.6057049    147.1256019
     370.000    -107.2848247    698.1324329    390.1023781    151.0241755
     380.000    -114.3184177    708.5419503    390.5612236    154.9275234
     390.000    -121.4548007    718.6925307    390.9859675    158.8352863
     400.000    -128.6914463    728.5964658    391.3798907    162.7471401
     410.000    -136.0259461    738.2652127    391.7458905    166.6627911
     420.000    -143.4560023    747.7094659    392.0865331    170.5819734
     430.000    -150.9794205    756.9392218    392.4040981    174.5044449
     440.000    -158.5941030    765.9638368    392.7006154    178.4299852
     450.000    -166.2980427    774.7920796    392.9778975    182.3583931
     460.000    -174.0893175    783.4321782    393.2375667    186.2894845
     470.000    -181.9660849    791.8918628    393.4810782    190.2230906
     480.000    -189.9265777    800.1784046    393.7097409    194.1590565
     490.000    -197.9690988    808.2986502    393.9247339    198.0972398
     500.000    -206.0920179    816.2590542    394.1271220    202.0375092
     510.000    -214.2937674    824.0657076    394.3178687    205.9797435
     520.000    -222.5728388    831.7243643    394.4978474    209.9238307
     530.000    -230.9277795    839.2404655    394.6678513    213.8696672
     540.000    -239.3571901    846.6191611    394.8286021    217.8171569
     550.000    -247.8597210    853.8653302    394.9807576    221.7662106
     560.000    -256.4340704    860.9835996    395.1249183    225.7167454
     570.000    -265.0789813    867.9783605    395.2616332    229.6686841
     580.000    -273.7932398    874.8537840    395.3914053    233.6219549
     590.000    -282.5756725    881.6138358    395.5146958    237.5764907
     600.000    -291.4251446    888.2622887    395.6319282    241.5322287
     610.000    -300.3405582    894.8027353    395.7434923    245.4891103
     620.000    -309.3208507    901.2385992    395.8497468    249.4470808
     630.000    -318.3649925    907.5731447    395.9510228    253.4060887
     640.000    -327.4719862    913.8094874    396.0476259    257.3660857
     650.000    -336.6408648    919.9506021    396.1398387    261.3270266
     660.000    -345.8706903    925.9993319    396.2279228    265.2888687
     670.000    -355.1605526    931.9583950    396.3121205    269.2515721
     680.000    -364.5095680    937.8303926    396.3926569    273.2150989
     690.000    -373.9168785    943.6178148    396.4697407    277.1794137
     700.000    -383.3816504    949.3230475    396.5435663    281.1444829
     710.000    -392.9030732    954.9483774    396.6143144    285.1102748
     720.000    -402.4803589    960.4959977    396.6821535    289.0767595
     730.000    -412.1127411    965.9680134    396.7472406    293.0439087
     740.000    -421.7994739    971.3664453    396.8097224    297.0116956
     750.000    -431.5398312    976.6932348    396.8697360    300.9800949
     760.000    -441.3331060    981.9502481    396.9274094    304.9490825
     770.000    -451.1786096    987.1392795    396.9828626    308.9186357
     780.000    -461.0756708    992.2620558    397.0362079    312.8887327
     790.000    -471.0236354    997.3202387    397.0875508    316.8593531
     800.000    -481.0218656   1002.3154287    397.1369901    320.8304774
     810.000    -491.0697391   1007.2491680    397.1846186    324.8020869
     820.000    -501.1666491   1012.1229428    397.2305235    328.7741640
     830.000    -511.3120029   1016.9381865    397.2747870    332.7466919
     840.000    -521.5052223   1021.6962820    397.3174864    336.7196546
     850.000    -531.7457425   1026.3985637    397.3586942    340.6930367
     860.000    -542.0330118   1031.0463204    397.3984793    344.6668237
     870.000    -552.3664913   1035.6407966    397.4369061    348.6410017
     880.000    -562.7456542   1040.1831951    397.4740359    352.6155575
     890.000    -573.1699855   1044.6746784    397.5099262    356.5904783
     900.000    -583.6389818   1049.1163709    397.5446316    360.5657521
     910.000    -594.1521506   1053.5093602    397.5782036    364.5413672
     920.000    -604.7090101   1057.8546986    397.6106910    368.5173125
     930.000    -615.3090891   1062.1534050    397.6421400    372.4935775
     940.000    -625.9519261   1066.4064661    397.6725943    376.4701520
     950.000    -636.6370695   1070.6148376    397.7020954    380.4470262
     960.000    -647.3640770   1074.7794457    397.7306825    384.4241909
     970.000    -658.1325155   1078.9011881    397.7583932    388.4016370
     980.000    -668.9419608   1082.9809354    397.7852627    392.3793559
     990.000    -679.7919970   1087.0195319    397.8113248    396.3573395
    1000.000    -690.6822170   1091.0177968    397.8366115    400.3355798
    1010.000    -701.6122212   1094.9765252    397.8611532    404.3140693
    1020.000    -712.5816182   1098.8964890    397.8849788    408.2928005
    1030.000    -723.5900243   1102.7784377    397.9081160    412.2717666
    1040.000    -734.6370627   1106.6230994    397.9305910    416.2509606
    1050.000    -745.7223643   1110.4311815    397.9524287    420.2303763
    1060.000    -756.8455667   1114.2033716    397.9736531    424.2100072
    1070.000    -768.0063143   1117.9403380    397.9942869    428.1898474
    1080.000    -779.2042582   1121.6427308    398.0143518    432.1698910
    1090.000    -790.4390558   1125.3111820    398.0338684    436.1501326
    1100.000    -801.7103708   1128.9463067    398.0528567    440.1305666
    1110.000    -813.0178729   1132.5487035    398.0713354    444.1111880
    1120.000    -824.3612377   1136.1189548    398.0893226    448.0919917
    1130.000    -835.7401467   1139.6576279    398.1068356    452.0729729
    1140.000    -847.1542868   1143.1652752    398.1238908    456.0541269
    1150.000    -858.6033506   1146.6424346    398.1405042    460.0354492
    1160.000    -870.0870357   1150.0896303    398.1566909    464.0169355
    1170.000    -881.6050450   1153.5073732    398.1724652    467.9985817
    1180.000    -893.1570866   1156.8961611    398.1878411    471.9803835
    1190.000    -904.7428733   1160.2564794    398.2028319    475.9623372
    1200.000    -916.3621229   1163.5888015    398.2174503    479.9444389
    1210.000    -928.0145576   1166.8935889    398.2317086    483.9266850
    1220.000    -939.6999044   1170.1712920    398.2456185    487.9090719
    1230.000    -951.4178946   1173.4223503    398.2591912    491.8915962
    1240.000    -963.1682640   1176.6471925    398.2724376    495.8742547
    1250.000    -974.9507525   1179.8462371    398.2853680    499.8570439
    1260.000    -986.7651041   1183.0198929    398.2979923    503.8399610
    1270.000    -998.6110670   1186.1685589    398.3103202    507.8230028
    1280.000   -1010.4883933   1189.2926248    398.3223609    511.8061664
    1290.000   -1022.3968388   1192.3924712    398.3341232    515.7894491
    1300.000   -1034.3361632   1195.4684702    398.3456156    519.7728480
    1310.000   -1046.3061299   1198.5209851    398.3568463    523.7563605
    1320.000   -1058.3065058   1201.5503711    398.3678233    527.7399841
    1330.000   -1070.3370614   1204.5569756    398.3785540    531.7237162
    1340.000   -1082.3975705   1207.5411380    398.3890458    535.7075544
    1350.000   -1094.4878105   1210.5031902    398.3993057    539.6914963
    1360.000   -1106.6075617   1213.4434569    398.4093405    543.6755397
    1370.000   -1118.7566080   1216.3622558    398.4191568    547.6596824
    1380.000   -1130.9347363   1219.2598974    398.4287608    551.6439222
    1390.000   -1143.1417365   1222.1366859    398.4381586    555.6282569
    1400.000   -1155.3774015   1224.9929187    398.4473561    559.6126847
    1410.000   -1167.6415273   1227.8288870    398.4563589    563.5972034
    1420.000   -1179.9339126   1230.6448760    398.4651725    567.5818112
    1430.000   -1192.2543592   1233.4411646    398.4738022    571.5665062
    1440.000   -1204.6026712   1236.2180263    398.4822529    575.5512867
    1450.000   -1216.9786558   1238.9757286    398.4905297    579.5361507
    1460.000   -1229.3821228   1241.7145339    398.4986372    583.5210967
    1470.000   -1241.8128844   1244.4346988    398.5065801    587.5061229
    1480.000   -1254.2707554   1247.1364751    398.5143628    591.4912278
    1490.000   -1266.7555534   1249.8201094    398.5219895    595.4764096
    1500.000   -1279.2670980   1252.4858433    398.5294644    599.4616670
    1510.000   -1291.8052114   1255.1339138    398.5367915    603.4469984
    1520.000   -1304.3697181   1257.7645530    398.5439747    607.4324024
    1530.000   -1316.9604451   1260.3779886    398.5510177    611.4178775
    1540.000   -1329.5772213   1262.9744439    398.5579241    615.4034223
    1550.000   -1342.2198781   1265.5541378    398.5646975    619.3890355
    1560.000   -1354.8882489   1268.1172851    398.5713412    623.3747158
    1570.000   -1367.5821693   1270.6640963    398.5778585    627.3604619
    1580.000   -1380.3014771   1273.1947783    398.5842526    631.3462726
    1590.000   -1393.0460118   1275.7095336    398.5905266    635.3321466
    1600.000   -1405.8156153   1278.2085613    398.5966835    639.3180827
    1610.000   -1418.6101313   1280.6920566    398.6027262    643.3040799
    1620.000   -1431.4294053   1283.1602112    398.6086574    647.2901369
    1630.000   -1444.2732850   1285.6132133    398.6144799    651.2762526
    1640.000   -1457.1416197   1288.0512474    398.6201964    655.2624261
    1650.000   -1470.0342607   1290.4744951    398.6258094    659.2486562
    1660.000   -1482.9510609   1292.8831343    398.6313214    663.2349420
    1670.000   -1495.8918752   1295.2773399    398.6367348    667.2212823
    1680.000   -1508.8565602   1297.6572836    398.6420519    671.2076763
    1690.000   -1521.8449739   1300.0231343    398.6472750    675.1941230
    1700.000   -1534.8569764   1302.3750576    398.6524063    679.1806215
    1710.000   -1547.8924292   1304.7132164    398.6574479    683.1671709
    1720.000   -1560.9511954   1307.0377707    398.6624020    687.1537702
    1730.000   -1574.0331398   1309.3488777    398.6672705    691.1404186
    1740.000   -1587.1381286   1311.6466919    398.6720553    695.1271153
    1750.000   -1600.2660298   1313.9313653    398.6767585    699.1138595
    1760.000   -1613.4167126   1316.2030471    398.6813818    703.1006502
    1770.000   -1626.5900479   1318.4618841    398.6859271    707.0874868
    1780.000   -1639.7859080   1320.7080205    398.6903961    711.0743685
    1790.000   -1653.0041665   1322.9415983    398.6947904    715.0612945
    1800.000   -1666.2446986   1325.1627570    398.6991118    719.0482641
    1810.000   -1679.5073807   1327.3716338    398.7033618    723.0352765
    1820.000   -1692.7920907   1329.5683636    398.7075420    727.0223311
    1830.000   -1706.0987079   1331.7530793    398.7116539    731.0094271
    1840.000   -1719.4271127   1333.9259112    398.7156991    734.9965639
    1850.000   -1732.7771870   1336.0869880    398.7196789    738.9837409
    1860.000   -1746.1488137   1338.2364360    398.7235947    742.9709573
    1870.000   -1759.5418773   1340.3743796    398.7274480    746.9582126
    1880.000   -1772.9562634   1342.5009412    398.7312399    750.9455061
    1890.000   -1786.3918586   1344.6162412    398.7349719    754.9328372
    1900.000   -1799.8485511   1346.7203981    398.7386452    758.9202053
    1910.000   -1813.3262298   1348.8135286    398.7422610    762.9076099
    1920.000   -1826.8247853   1350.8957477    398.7458205    766.8950503
    1930.000   -1840.3441088   1352.9671683    398.7493248    770.8825261
    1940.000   -1853.8840930   1355.0279019    398.7527752    774.8700367
    1950.000   -1867.4446316   1357.0780579    398.7561726    778.8575814
    1960.000   -1881.0256193   1359.1177445    398.7595182    782.8451599
    1970.000   -1894.6269519   1361.1470678    398.7628131    786.8327716
    1980.000   -1908.2485264   1363.1661325    398.7660582    790.8204160
    1990.000   -1921.8902407   1365.1750419    398.7692545    794.8080926
    2000.000   -1935.5519937   1367.1738974    398.7724030    798.7958010