       0.000     274.2911903      0.0000000      0.0000000    274.2911903
      10.000     274.2564979     11.2487863     23.7260246    274.3689858
      20.000     273.9934691     44.6514813     87.6698897    274.8864988
      30.000     273.2842253    101.9009961    215.7047385    276.3412552
      40.000     271.8543322    189.1132861    407.8502701    279.4188637
      50.000     269.4105630    303.5684572    627.4986935    284.5889858
      60.000     265.7192686    437.1430797    841.4638861    291.9478533
      70.000     260.6317287    581.5817385   1033.0841048    301.3424504
      80.000     254.0726773    730.5784306   1197.7134128    312.5189518
      90.000     246.0192410    879.9041919   1336.5751144    325.2106183
     100.000     236.4823704   1026.9328826   1453.0056847    339.1756587
     110.000     225.4934153   1170.1351218   1550.6871736    354.2082787
     120.000     213.0952045   1308.6908586   1632.9619144    370.1381076
     130.000     199.3363669   1442.2248187   1702.6419093    386.8255933
     140.000     184.2678066   1570.6345495   1762.0161891    404.1566435
     150.000     167.9405633   1693.9811373   1812.9232972    422.0377338
     160.000     150.4045469   1812.4204759   1856.8348074    440.3918230
     170.000     131.7078215   1926.1602826   1894.9305744    459.1550695
     180.000     111.8962312   2035.4333585   1928.1607289    478.2742357
     190.000      91.0132386   2140.4810926   1957.2947907    497.7046462
     200.000      69.0998931   2241.5434387   1982.9599210    517.4085809
     210.000      46.1948779   2338.8529915   2005.6705362    537.3540061
     220.000      22.3346015   2432.6316590   2025.8512389    557.5135665
     230.000      -2.4466856   2523.0889790   2043.8546310    577.8637796
     240.000     -28.1167634   2610.4214655   2059.9752230    598.3843883
     250.000     -54.6453118   2694.8125943   2074.4603597    619.0578368
     260.000     -82.0037814   2776.4331732   2087.5188576    639.8688436
     270.000    -110.1652704   2855.4419346   2099.3278759    660.8040519
     280.000    -139.1044065   2931.9862442   2110.0384174    681.8517419
     290.000    -168.7972374   3006.2028587   2119.7797597    703.0015916
     300.000    -199.2211287   3078.2186911   2128.6630449    724.2444786
     310.000    -230.3546689   3148.1515563   2136.7842042    745.5723135
     320.000    -262.1775822   3216.1108836   2144.2263529    766.9779005
     330.000    -294.6706480   3282.1983852   2151.0617626    788.4548191
     340.000    -327.8156267   3346.5086795   2157.3534916    809.9973244
     350.000    -361.5951919   3409.1298666   2163.1567400    831.6002614
     360.000    -395.9928679   3470.1440585   2168.5199805    853.2589931
     370.000    -430.9929723   3529.6278636   2173.4859058    874.9693372
     380.000    -466.5805629   3587.6528315   2178.0922261    896.7275130
     390.000    -502.7413896   3644.2858575   2182.3723419    918.5300948
     400.000    -539.4618494   3699.5895529   2186.3559149    940.3739717
     410.000    -576.7289455   3753.6225817   2190.0693530    962.2563130
     420.000    -614.5302493   3806.4399678   2193.5362249    984.1745372
     430.000    -652.8538653   3858.0933754   2196.7776143   1006.1262861
     440.000    -691.6883991   3908.6313640   2199.8124242   1028.1094011
     450.000    -731.0229271   3958.0996220   2202.6576397   1050.1219028
     460.000    -770.8469694   4006.5411793   2205.3285543   1072.1619730
     470.000    -811.1504638   4053.9966018   2207.8389658   1094.2279390
     480.000    -851.9237422   4100.5041693   2210.2013472   1116.3182591
     490.000    -893.1575084   4146.1000382   2212.4269946   1138.4315103
     500.000    -934.8428181   4190.8183911   2214.5261573   1160.5663774
     510.000    -976.9710592   4234.6915729   2216.5081505   1182.7216430
     520.000   -1019.5339346   4277.7502170   2218.3814551   1204.8961782
     530.000   -1062.5234454   4320.0233604   2220.1538050   1227.0889356
     540.000   -1105.9318755   4361.5385498   2221.8322638   1249.2989414
     550.000   -1149.7517772   4402.3219395   2223.4232932   1271.5252895
     560.000   -1193.9759579   4442.3983813   2224.9328127   1293.7671357
     570.000   -1238.5974672   4481.7915078   2226.3662529   1316.0236922
     580.000   -1283.6095854   4520.5238090   2227.7286031   1338.2942238
     590.000   -1329.0058122   4558.6167031   2229.0244530   1360.5780427
     600.000   -1374.7798563   4596.0906026   2230.2580304   1382.8745053
     610.000   -1420.9256259   4632.9649748   2231.4332348   1405.1830087
     620.000   -1467.4372194   4669.2583981   2232.5536670   1427.5029875
     630.000   -1514.3089166   4704.9886146   2233.6226563   1449.8339106
     640.000   -1561.5351709   4740.1725786   2234.6432844   1472.1752794
     650.000   -1609.1106014   4774.8265017   2235.6184069   1494.5266247
     660.000   -1657.0299859   4808.9658949   2236.5506732   1516.8875047
     670.000   -1705.2882538   4842.6056079   2237.4425435   1539.2575035
     680.000   -1753.8804799   4875.7598655   2238.2963052   1561.6362286
     690.000   -1802.8018784   4908.4423016   2239.1140869   1584.0233097
     700.000   -1852.0477969   4940.6659913   2239.8978712   1606.4183970
     710.000   -1901.6137110   4972.4434802   2240.6495069   1628.8211599
     720.000   -1951.4952193   5003.7868126   2241.3707195   1651.2312857
     730.000   -2001.6880387   5034.7075575   2242.0631207   1673.6484783
     740.000   -2052.1879990   5065.2168326   2242.7282175   1696.0724572
     750.000   -2102.9910394   5095.3253277   2243.3674200   1718.5029564
     760.000   -2154.0932039   5125.0433258   2243.9820490   1740.9397237
     770.000   -2205.4906373   5154.3807232   2244.5733423   1763.3825196
     780.000   -2257.1795815   5183.3470489   2245.1424613   1785.8311166
     790.000   -2309.1563720   5211.9514817   2245.6904962   1808.2852985
     800.000   -2361.4174344   5240.2028675   2246.2184714   1830.7448597
     810.000   -2413.9592810   5268.1097349   2246.7273501   1853.2096043
     820.000   -2466.7785081   5295.6803099   2247.2180383   1875.6793460
     830.000   -2519.8717927   5322.9225301   2247.6913896   1898.1539073
     840.000   -2573.2358898   5349.8440577   2248.1482080   1920.6331187
     850.000   -2626.8676296   5376.4522923   2248.5892516   1943.1168189
     860.000   -2680.7639152   5402.7543822   2249.0152357   1965.6048536
     870.000   -2734.9217198   5428.7572361   2249.4268359   1988.0970756
     880.000   -2789.3380847   5454.4675332   2249.8246902   2010.5933445
     890.000   -2844.0101168   5479.8917331   2250.2094017   2033.0935256
     900.000   -2898.9349866   5505.0360857   2250.5815412   2055.5974906
     910.000   -2954.1099259   5529.9066398   2250.9416486   2078.1051163
     920.000   -3009.5322263   5554.5092515   2251.2902355   2100.6162852
     930.000   -3065.1992367   5578.8495925   2251.6277865   2123.1308843
     940.000   -3121.1083622   5602.9331573   2251.9547612   2145.6488056
     950.000   -3177.2570617   5626.7652710   2252.2715954   2168.1699457
     960.000   -3233.6428467   5650.3510956   2252.5787029   2190.6942051
     970.000   -3290.2632794   5673.6956371   2252.8764767   2213.2214886
     980.000   -3347.1159713   5696.8037512   2253.1652901   2235.7517048
     990.000   -3404.1985820   5719.6801493   2253.4454980   2258.2847658
    1000.000   -3461.5088172   5742.3294044   2253.7174380   2280.8205872
    1010.000   -3519.0444278   5764.7559563   2253.9814313   2303.3590880
    1020.000   -3576.8032084   5786.9641164   2254.2377838   2325.9001904
    1030.000   -3634.7829961   5808.9580731   2254.4867866   2348.4438192
    1040.000   -3692.9816694   5830.7418961   2254.7287174   2370.9899025
    1050.000   -3751.3971468   5852.3195406   2254.9638408   2393.5383709
    1060.000   -3810.0273858   5873.6948521   2255.1924091   2416.0891575
    1070.000   -3868.8703819   5894.8715700   2255.4146632   2438.6421980
    1080.000   -3927.9241673   5915.8533313   2255.6308331   2461.1974305
    1090.000   -3987.1868104   5936.6436748   2255.8411381   2483.7547951
    1100.000   -4046.6564143   5957.2460442   2256.0457882   2506.3142344
    1110.000   -4106.3311159   5977.6637916   2256.2449837   2528.8756927
    1120.000   -4166.2090856   5997.9001804   2256.4389164   2551.4391165
    1130.000   -4226.2885256   6017.9583891   2256.6277697   2574.0044541
    1140.000   -4286.5676698   6037.8415134   2256.8117189   2596.5716556
    1150.000   -4347.0447823   6057.5525696   2256.9909322   2619.1406727
    1160.000   -4407.7181574   6077.0944968   2257.1655703   2641.7114590
    1170.000   -4468.5861181   6096.4701602   2257.3357873   2664.2839694
    1180.000   -4529.6470157   6115.6823527   2257.5017309   2686.8581605
    1190.000   -4590.8992293   6134.7337979   2257.6635428   2709.4339902
    1200.000   -4652.3411647   6153.6271522   2257.8213586   2732.0114180
    1210.000   -4713.9712540   6172.3650070   2257.9753086   2754.5904045
    1220.000   -4775.7879549   6190.9498907   2258.1255179   2777.1709117
    1230.000   -4837.7897502   6209.3842707   2258.2721063   2799.7529028
    1240.000   -4899.9751467   6227.6705555   2258.4151892   2822.3363421
    1250.000   -4962.3426755   6245.8110966   2258.5548772   2844.9211953
    1260.000   -5024.8908905   6263.8081898   2258.6912767   2867.5074287
    1270.000   -5087.6183686   6281.6640777   2258.8244900   2890.0950102
    1280.000   -5150.5237087   6299.3809507   2258.9546153   2912.6839082
    1290.000   -5213.6055313   6316.9609487   2259.0817471   2935.2740925
    1300.000   -5276.8624784   6334.4061630   2259.2059766   2957.8655335
    1310.000   -5340.2932121   6351.7186372   2259.3273911   2980.4582026
    1320.000   -5403.8964153   6368.9003693   2259.4460749   3003.0520722
    1330.000   -5467.6707902   6385.9533124   2259.5621092   3025.6471153
    1340.000   -5531.6150586   6402.8793765   2259.6755722   3048.2433058
    1350.000   -5595.7279611   6419.6804293   2259.7865392   3070.8406184
    1360.000   -5660.0082566   6436.3582979   2259.8950826   3093.4390285
    1370.000   -5724.4547224   6452.9147698   2260.0012726   3116.0385122
    1380.000   -5789.0661532   6469.3515939   2260.1051765   3138.6390464
    1390.000   -5853.8413611   6485.6704817   2260.2068593   3161.2406084
    1400.000   -5918.7791753   6501.8731083   2260.3063839   3183.8431764
    1410.000   -5983.8784412   6517.9611137   2260.4038108   3206.4467291
    1420.000   -6049.1380208   6533.9361032   2260.4991984   3229.0512458
    1430.000   -6114.5567918   6549.7996491   2260.5926033   3251.6567064
    1440.000   -6180.1336475   6565.5532909   2260.6840798   3274.2630914
    1450.000   -6245.8674963   6581.1985366   2260.7736807   3296.8703818
    1460.000   -6311.7572618   6596.7368635   2260.8614569   3319.4785589
    1470.000   -6377.8018820   6612.1697190   2260.9474573   3342.0876050
    1480.000   -6444.0003094   6627.4985214   2261.0317296   3364.6975023
    1490.000   -6510.3515102   6642.7246605   2261.1143198   3387.3082340
    1500.000   -6576.8544649   6657.8494988   2261.1952721   3409.9197833
    1510.000   -6643.5081670   6672.8743716   2261.2746297   3432.5321341
    1520.000   -6710.3116235   6687.8005883   2261.3524340   3455.1452707
    1530.000   -6777.2638542   6702.6294326   2261.4287252   3477.7591777
    1540.000   -6844.3638918   6717.3621637   2261.5035424   3500.3738403
    1550.000   -6911.6107812   6732.0000161   2261.5769232   3522.9892438
    1560.000   -6979.0035799   6746.5442012   2261.6489040   3545.6053741
    1570.000   -7046.5413570   6760.9959072   2261.7195203   3568.2222173
    1580.000   -7114.2231936   6775.3562998   2261.7888063   3590.8397600
    1590.000   -7182.0481824   6789.6265230   2261.8567951   3613.4579891
    1600.000   -7250.0154273   6803.8076994   2261.9235188   3636.0768917
    1610.000   -7318.1240432   6817.9009308   2261.9890087   3658.6964554
    1620.000   -7386.3731563   6831.9072989   2262.0532950   3681.3166679
    1630.000   -7454.7619032   6845.8278654   2262.1164068   3703.9375174
    1640.000   -7523.2894311   6859.6636728   2262.1783727   3726.5589922
    1650.000   -7591.9548976   6873.4157446   2262.2392201   3749.1810811
    1660.000   -7660.7574702   6887.0850863   2262.2989759   3771.8037730
    1670.000   -7729.6963268   6900.6726850   2262.3576659   3794.4270571
    1680.000   -7798.7706547   6914.1795104   2262.4153153   3817.0509228
    1690.000   -7867.9796510   6927.6065153   2262.4719485   3839.6753600
    1700.000   -7937.3225221   6940.9546356   2262.5275892   3862.3003585
    1710.000   -8006.7984838   6954.2247908   2262.5822606   3884.9259085
    1720.000   -8076.4067610   6967.4178846   2262.6359849   3907.5520005
    1730.000   -8146.1465876   6980.5348050   2262.6887839   3930.1786251
    1740.000   -8216.0172061   6993.5764249   2262.7406786   3952.8057732
    1750.000   -8286.0178679   7006.5436021   2262.7916897   3975.4334358
    1760.000   -8356.1478328   7019.4371801   2262.8418370   3998.0616041
    1770.000   -8426.4063690   7032.2579879   2262.8911399   4020.6902697
    1780.000   -8496.7927527   7045.0068410   2262.9396172   4043.3194242
    1790.000   -8567.3062686   7057.6845408   2262.9872873   4065.9490594
    1800.000   -8637.9462090   7070.2918757   2263.0341679   4088.5791673
    1810.000   -8708.7118742   7082.8296212   2263.0802765   4111.2097401
    1820.000   -8779.6025720   7095.2985397   2263.1256297   4133.8407703
    1830.000   -8850.6176180   7107.6993816   2263.1702441   4156.4722503
    1840.000   -8921.7563352   7120.0328847   2263.2141355   4179.1041728
    1850.000   -8993.0180537   7132.2997753   2263.2573196   4201.7365306
    1860.000   -9064.4021110   7144.5007677   2263.2998113   4224.3693168
    1870.000   -9135.9078517   7156.6365649   2263.3416254   4247.0025246
    1880.000   -9207.5346273   7168.7078587   2263.3827763   4269.6361471
    1890.000   -9279.2817962   7180.7153302   2263.4232778   4292.2701779
    1900.000   -9351.1487234   7192.6596495   2263.4631436   4314.9046106
    1910.000   -9423.1347808   7204.5414762   2263.5023869   4337.5394387
    1920.000   -9495.2393468   7216.3614599   2263.5410205   4360.1746563
    1930.000   -9567.4618060   7228.1202400   2263.5790570   4382.8102572
    1940.000   -9639.8015497   7239.8184460   2263.6165087   4405.4462355
    1950.000   -9712.2579751   7251.4566977   2263.6533874   4428.0825854
    1960.000   -9784.8304858   7263.0356057   2263.6897048   4450.7193014
    1970.000   -9857.5184914   7274.5557711   2263.7254723   4473.3563777
    1980.000   -9930.3214074   7286.0177861   2263.7607007   4495.9938090
    1990.000  -10003.2386552   7297.4222338   2263.7954010   4518.6315899
    2000.000  -10076.2696621   7308.7696887   2263.8295836   4541.2697153
