       0.000     162.8949962      0.0000000      0.0000000    162.8949962
      10.000     162.8754947      6.0768956     12.5705198    162.9362636
      20.000     162.7359194     23.4417133     45.2673804    163.2047537
      30.000     162.3607739     54.8196130    125.6337763    164.0053623
      40.000     161.5628623    108.7924716    263.5501866    165.9145611
      50.000     160.1102237    184.9810790    426.6362618    169.3592777
      60.000     157.8104745    277.0014041    585.2788958    174.4305588
      70.000     154.5403925    378.0240787    725.4358321    181.0020780
      80.000     150.2375113    482.8515302    843.6505019    188.8656337
      90.000     144.8822866    588.0460818    941.3154020    197.8064340
     100.000     138.4824582    691.5096724   1021.4274672    207.6334254
     110.000     131.0619106    792.0467470   1087.1468854    218.1870528
     120.000     122.6533859    889.0365409   1141.2717913    229.3377708
     130.000     113.2939143    982.2128977   1186.1118496    240.9815910
     140.000     103.0220286   1071.5230773   1223.5144123    253.0352594
     150.000      91.8761072   1157.0391588   1254.9371516    265.4319811
     160.000      79.8934232   1238.9030699   1281.5253537    278.1179143
     170.000      67.1096282   1317.2927510   1304.1796035    291.0493959
     180.000      53.5585048   1392.4015217   1323.6106796    304.1907787
     190.000      39.2718793   1464.4256769   1340.3825278    317.5127579
     200.000      24.2796323   1533.5572161   1354.9453475    330.9910756
     210.000       8.6097638   1599.9797673   1367.6608923    344.6055149
     220.000      -7.7115115   1663.8664945   1378.8217921    358.3391172
     230.000     -24.6596541   1725.3792249   1388.6663358    372.1775676
     240.000     -42.2116852   1784.6683168   1397.3898263    386.1087109
     250.000     -60.3460734   1841.8729629   1405.1533444    400.1221673
     260.000     -79.0426259   1897.1217377   1412.0905514    414.2090258
     270.000     -98.2823851   1950.5332698   1418.3130015    428.3615978
     280.000    -118.0475328   2002.2169638   1423.9143148    442.5732170
     290.000    -138.3213021   2052.2737253   1428.9734766    456.8380782
     300.000    -159.0878954   2100.7966637   1433.5574610    471.1511037
     310.000    -180.3324100   2147.8717568   1437.7233296    485.5078346
     320.000    -202.0407699   2193.5784690   1441.5199209    499.9043402
     330.000    -224.1996637   2237.9903226   1444.9892165    514.3371427
     340.000    -246.7964877   2281.1754193   1448.1674530    528.8031548
     350.000    -269.8192940   2323.1969162   1451.0860315    543.2996267
     360.000    -293.2567433   2364.1134574   1453.7722648    557.8241014
     370.000    -317.0980621   2403.9795659   1456.2499946    572.3743773
     380.000    -341.3330028   2442.8459971   1458.5401033    586.9484761
     390.000    -365.9518078   2480.7600595   1460.6609413    601.5446154
     400.000    -390.9451769   2517.7659043   1462.6286837    616.1611849
     410.000    -416.3042363   2553.9047876   1464.4576310    630.7967266
     420.000    -442.0205117   2589.2153070   1466.1604617    645.4499172
     430.000    -468.0859020   2623.7336166   1467.7484473    660.1195531
     440.000    -494.4926566   2657.4936217   1469.2316343    674.8045370
     450.000    -521.2333531   2690.5271547   1470.6189998    689.5038665
     460.000    -548.3008780   2722.8641358   1471.9185846    704.2166245
     470.000    -575.6884080   2754.5327186   1473.1376074    718.9419697
     480.000    -603.3893930   2785.5594224   1474.2825630    733.6791298
     490.000    -631.3975404   2815.9692532   1475.3593076    748.4273937
     500.000    -659.7068006   2845.7858137   1476.3731320    763.1861063
     510.000    -688.3113535   2875.0314042   1477.3288262    777.9546626
     520.000    -717.2055959   2903.7271143   1478.2307342    792.7325035
     530.000    -746.3841295   2931.8929071   1479.0828034    807.5191112
     540.000    -775.8417508   2959.5476968   1479.8886268    822.3140055
     550.000    -805.5734400   2986.7094192   1480.6514805    837.1167405
     560.000    -835.5743524   3013.3950970   1481.3743564    851.9269019
     570.000    -865.8398091   3039.6208995   1482.0599913    866.7441036
     580.000    -896.3652888   3065.4021979   1482.7108925    881.5679859
     590.000    -927.1464202   3090.7536162   1483.3293605    896.3982133
     600.000    -958.1789747   3115.6890780   1483.9175087    911.2344721
     610.000    -989.4588596   3140.2218500   1484.4772819    926.0764689
     620.000   -1020.9821116   3164.3645819   1485.0104716    940.9239291
     630.000   -1052.7448914   3188.1293439   1485.5187306    955.7765953
     640.000   -1084.7434771   3211.5276607   1486.0035855    970.6342258
     650.000   -1116.9742599   3234.5705439   1486.4664481    985.4965937
     660.000   -1149.4337383   3257.2685214   1486.9086257   1000.3634858
     670.000   -1182.1185142   3279.6316649   1487.3313298   1015.2347013
     680.000   -1215.0252877   3301.6696161   1487.7356849   1030.1100512
     690.000   -1248.1508534   3323.3916097   1488.1227358   1044.9893573
     700.000   -1281.4920962   3344.8064968   1488.4934537   1059.8724515
     710.000   -1315.0459880   3365.9227647   1488.8487432   1074.7591750
     720.000   -1348.8095833   3386.7485570   1489.1894469   1089.6493777
     730.000   -1382.7800169   3407.2916916   1489.5163510   1104.5429179
     740.000   -1416.9545000   3427.5596774   1489.8301895   1119.4396612
     750.000   -1451.3303174   3447.5597305   1490.1316481   1134.3394805
     760.000   -1485.9048247   3467.2987891   1490.4213685   1149.2422551
     770.000   -1520.6754455   3486.7835275   1490.6999513   1164.1478707
     780.000   -1555.6396689   3506.0203690   1490.9679591   1179.0562188
     790.000   -1590.7950472   3525.0154982   1491.2259196   1193.9671964
     800.000   -1626.1391931   3543.7748731   1491.4743280   1208.8807054
     810.000   -1661.6697780   3562.3042353   1491.7136496   1223.7966527
     820.000   -1697.3845296   3580.6091209   1491.9443214   1238.7149496
     830.000   -1733.2812299   3598.6948694   1492.1667549   1253.6355116
     840.000   -1769.3577137   3616.5666335   1492.3813370   1268.5582585
     850.000   -1805.6118659   3634.2293875   1492.5884325   1283.4831134
     860.000   -1842.0416208   3651.6879350   1492.7883852   1298.4100033
     870.000   -1878.6449594   3668.9469171   1492.9815193   1313.3388584
     880.000   -1915.4199089   3686.0108192   1493.1681412   1328.2696120
     890.000   -1952.3645400   3702.8839781   1493.3485398   1343.2022005
     900.000   -1989.4769666   3719.5705884   1493.5229885   1358.1365630
     910.000   -2026.7553435   3736.0747086   1493.6917458   1373.0726413
     920.000   -2064.1978656   3752.4002666   1493.8550563   1388.0103797
     930.000   -2101.8027663   3768.5510660   1494.0131517   1402.9497250
     940.000   -2139.5683167   3784.5307902   1494.1662514   1417.8906261
     950.000   -2177.4928238   3800.3430083   1494.3145634   1432.8330341
     960.000   -2215.5746300   3815.9911793   1494.4582852   1447.7769021
     970.000   -2253.8121117   3831.4786566   1494.5976040   1462.7221851
     980.000   -2292.2036783   3846.8086923   1494.7326976   1477.6688401
     990.000   -2330.7477713   3861.9844413   1494.8637350   1492.6168256
    1000.000   -2369.4428631   3877.0089649   1494.9908768   1507.5661018
    1010.000   -2408.2874564   3891.8852347   1495.1142758   1522.5166306
    1020.000   -2447.2800832   3906.6161358   1495.2340773   1537.4683753
    1030.000   -2486.4193039   3921.2044705   1495.3504197   1552.4213006
    1040.000   -2525.7037065   3935.6529607   1495.4634347   1567.3753726
    1050.000   -2565.1319058   3949.9642519   1495.5732479   1582.3305587
    1060.000   -2604.7025428   3964.1409152   1495.6799791   1597.2868273
    1070.000   -2644.4142837   3978.1854505   1495.7837423   1612.2441483
    1080.000   -2684.2658195   3992.1002890   1495.8846466   1627.2024926
    1090.000   -2724.2558651   4005.8877956   1495.9827958   1642.1618321
    1100.000   -2764.3831586   4019.5502712   1496.0782894   1657.1221397
    1110.000   -2804.6464612   4033.0899554   1496.1712222   1672.0833893
    1120.000   -2845.0445557   4046.5090282   1496.2616848   1687.0455559
    1130.000   -2885.5762468   4059.8096123   1496.3497640   1702.0086151
    1140.000   -2926.2403599   4072.9937749   1496.4355427   1716.9725435
    1150.000   -2967.0357409   4086.0635300   1496.5191003   1731.9373186
    1160.000   -3007.9612557   4099.0208397   1496.6005127   1746.9029184
    1170.000   -3049.0157893   4111.8676164   1496.6798526   1761.8693219
    1180.000   -3090.1982458   4124.6057242   1496.7571899   1776.8365087
    1190.000   -3131.5075476   4137.2369805   1496.8325913   1791.8044592
    1200.000   -3172.9426351   4149.7631579   1496.9061207   1806.7731543
    1210.000   -3214.5024663   4162.1859850   1496.9778397   1821.7425756
    1220.000   -3256.1860160   4174.5071486   1497.0478072   1836.7127053
    1230.000   -3297.9922759   4186.7282943   1497.1160796   1851.6835261
    1240.000   -3339.9202538   4198.8510284   1497.1827112   1866.6550214
    1250.000   -3381.9689736   4210.8769189   1497.2477542   1881.6271750
    1260.000   -3424.1374745   4222.8074967   1497.3112587   1896.5999714
    1270.000   -3466.4248108   4234.6442568   1497.3732728   1911.5733953
    1280.000   -3508.8300518   4246.3886592   1497.4338426   1926.5474320
    1290.000   -3551.3522809   4258.0421305   1497.4930127   1941.5220674
    1300.000   -3593.9905959   4269.6060644   1497.5508259   1956.4972877
    1310.000   -3636.7441083   4281.0818228   1497.6073233   1971.4730796
    1320.000   -3679.6119429   4292.4707370   1497.6625445   1986.4494300
    1330.000   -3722.5932379   4303.7741084   1497.7165277   2001.4263263
    1340.000   -3765.6871442   4314.9932095   1497.7693095   2016.4037565
    1350.000   -3808.8928253   4326.1292844   1497.8209253   2031.3817086
    1360.000   -3852.2094572   4337.1835503   1497.8714092   2046.3601712
    1370.000   -3895.6362276   4348.1571976   1497.9207940   2061.3391332
    1380.000   -3939.1723363   4359.0513912   1497.9691115   2076.3185836
    1390.000   -3982.8169944   4369.8672707   1498.0163920   2091.2985119
    1400.000   -4026.5694244   4380.6059517   1498.0626651   2106.2789080
    1410.000   -4070.4288597   4391.2685260   1498.1079592   2121.2597620
    1420.000   -4114.3945448   4401.8560626   1498.1523016   2136.2410641
    1430.000   -4158.4657343   4412.3696079   1498.1957188   2151.2228049
    1440.000   -4202.6416937   4422.8101869   1498.2382365   2166.2049754
    1450.000   -4246.9216982   4433.1788034   1498.2798792   2181.1875667
    1460.000   -4291.3050332   4443.4764407   1498.3206707   2196.1705702
    1470.000   -4335.7909936   4453.7040619   1498.3606342   2211.1539774
    1480.000   -4380.3788842   4463.8626111   1498.3997919   2226.1377802
    1490.000   -4425.0680187   4473.9530130   1498.4381652   2241.1219706
    1500.000   -4469.8577203   4483.9761742   1498.4757750   2256.1065409
    1510.000   -4514.7473210   4493.9329832   1498.5126413   2271.0914836
    1520.000   -4559.7361617   4503.8243112   1498.5487837   2286.0767913
    1530.000   -4604.8235918   4513.6510123   1498.5842210   2301.0624570
    1540.000   -4650.0089693   4523.4139239   1498.6189714   2316.0484735
    1550.000   -4695.2916604   4533.1138675   1498.6530525   2331.0348342
    1560.000   -4740.6710395   4542.7516486   1498.6864813   2346.0215324
    1570.000   -4786.1464888   4552.3280576   1498.7192745   2361.0085617
    1580.000   -4831.7173986   4561.8438699   1498.7514480   2375.9959158
    1590.000   -4877.3831668   4571.2998461   1498.7830173   2390.9835886
    1600.000   -4923.1431986   4580.6967330   1498.8139975   2405.9715742
    1610.000   -4968.9969069   4590.0352631   1498.8444031   2420.9598666
    1620.000   -5014.9437117   4599.3161556   1498.8742483   2435.9484604
    1630.000   -5060.9830402   4608.5401166   1498.9035467   2450.9373498
    1640.000   -5107.1143266   4617.7078391   1498.9323116   2465.9265295
    1650.000   -5153.3370118   4626.8200037   1498.9605558   2480.9159943
    1660.000   -5199.6505437   4635.8772787   1498.9882919   2495.9057389
    1670.000   -5246.0543766   4644.8803204   1499.0155319   2510.8957585
    1680.000   -5292.5479715   4653.8297735   1499.0422877   2525.8860480
    1690.000   -5339.1307956   4662.7262711   1499.0685706   2540.8766026
    1700.000   -5385.8023225   4671.5704355   1499.0943917   2555.8674178
    1710.000   -5432.5620319   4680.3628777   1499.1197617   2570.8584890
    1720.000   -5479.4094096   4689.1041984   1499.1446911   2585.8498116
    1730.000   -5526.3439474   4697.7949877   1499.1691901   2600.8413814
    1740.000   -5573.3651429   4706.4358258   1499.1932684   2615.8331940
    1750.000   -5620.4724993   4715.0272827   1499.2169357   2630.8252454
    1760.000   -5667.6655258   4723.5699188   1499.2402013   2645.8175314
    1770.000   -5714.9437368   4732.0642852   1499.2630741   2660.8100481
    1780.000   -5762.3066524   4740.5109236   1499.2855630   2675.8027916
    1790.000   -5809.7537980   4748.9103665   1499.3076766   2690.7957581
    1800.000   -5857.2847042   4757.2631378   1499.3294230   2705.7889439
    1810.000   -5904.8989069   4765.5697526   1499.3508105   2720.7823453
    1820.000   -5952.5959470   4773.8307176   1499.3718468   2735.7759589
    1830.000   -6000.3753707   4782.0465311   1499.3925396   2750.7697811
    1840.000   -6048.2367288   4790.2176834   1499.4128964   2765.7638086
    1850.000   -6096.1795771   4798.3446568   1499.4329243   2780.7580380
    1860.000   -6144.2034762   4806.4279259   1499.4526305   2795.7524660
    1870.000   -6192.3079915   4814.4679578   1499.4720217   2810.7470895
    1880.000   -6240.4926928   4822.4652118   1499.4911047   2825.7419054
    1890.000   -6288.7571547   4830.4201404   1499.5098859   2840.7369106
    1900.000   -6337.1009560   4838.3331885   1499.5283716   2855.7321021
    1910.000   -6385.5236803   4846.2047944   1499.5465681   2870.7274771
    1920.000   -6434.0249152   4854.0353895   1499.5644814   2885.7230326
    1930.000   -6482.6042528   4861.8253982   1499.5821172   2900.7187658
    1940.000   -6531.2612893   4869.5752388   1499.5994813   2915.7146740
    1950.000   -6579.9956250   4877.2853229   1499.6165792   2930.7107545
    1960.000   -6628.8068646   4884.9560558   1499.6334163   2945.7070047
    1970.000   -6677.6946163   4892.5878367   1499.6499980   2960.7034220
    1980.000   -6726.6584928   4900.1810589   1499.6663293   2975.7000038
    1990.000   -6775.6981103   4907.7361096   1499.6824153   2990.6967478
    2000.000   -6824.8130890   4915.2533702   1499.6982609   3005.6936513