       0.000      53.1174964      0.0000000      0.0000000     53.1174964
      10.000      53.1156126      0.6407916      1.6405787     53.1220205
      20.000      53.0940062      4.6193571     14.6561100     53.1863934
      30.000      52.9942839     17.1636698     54.7055777     53.5091940
      40.000      52.7126467     40.9427234    115.4339240     54.3503557
      50.000      52.1455069     73.6667757    179.7729231     55.8288457
      60.000      51.2216909    111.7076883    237.8455885     57.9241522
      70.000      49.9034387    152.1582904    286.6475394     60.5545190
      80.000      48.1768892    193.1255322    326.4291865     63.6269318
      90.000      46.0429784    233.4941964    358.5194857     67.0574561
     100.000      43.5110629    272.6555917    384.3932319     70.7766220
     110.000      40.5949110    310.3095379    405.3502957     74.7289601
     120.000      37.3103039    346.3372840    422.4446762     78.8707780
     130.000      33.6736418    380.7239081    436.5016651     83.1677499
     140.000      29.7011576    413.5119270    448.1586211     87.5928274
     150.000      25.4084917    444.7738541    457.9061324     92.1245698
     160.000      20.8104799    474.5961008    466.1226423     96.7458561
     170.000      15.9210653    503.0696429    473.1015927    101.4429046
     180.000      10.7532815    530.2847229    479.0720492    106.2045316
     190.000       5.3192764    556.3279587    484.2141664    111.0215885
     200.000      -0.3696439    581.2808846    488.6707372    115.8865330
     210.000      -6.3029604    605.2193390    492.5558261    120.7931008
     220.000     -12.4708832    628.2133441    495.9612476    125.7360525
     230.000     -18.8642942    650.3272643    498.9614552    130.7109765
     240.000     -25.4746921    671.6201121    501.6172546    135.7141348
     250.000     -32.2941402    692.1459257    503.9786432    140.7423412
     260.000     -39.3152192    711.9541699    506.0869977    145.7928650
     270.000     -46.5309831    731.0901344    507.9767713    150.8633532
     280.000     -53.9349196    749.5953148    509.6768193    155.9517685
     290.000     -61.5209140    767.5077674    511.2114426    161.0563386
     300.000     -69.2832160    784.8624362    512.6012137    166.1755148
     310.000     -77.2164108    801.6914498    513.8636354    171.3079386
     320.000     -85.3153917    818.0243902    515.0136688    176.4524131
     330.000     -93.5753362    833.8885351    516.0641598    181.6078804
     340.000    -101.9916839    849.3090752    517.0261849    186.7734016
     350.000    -110.5601169    864.3093090    517.9093335    191.9481413
     360.000    -119.2765412    878.9108180    518.7219392    197.1313533
     370.000    -128.1370710    893.1336224    519.4712710    202.3223693
     380.000    -137.1380134    906.9963224    520.1636910    207.5205891
     390.000    -146.2758549    920.5162232    520.8047862    212.7254721
     400.000    -155.5472491    933.7094482    521.3994784    217.9365302
     410.000    -164.9490052    946.5910409    521.9521165    223.1533215
     420.000    -174.4780781    959.1750555    522.4665543    228.3754452
     430.000    -184.1315584    971.4746397    522.9462161    233.6025367
     440.000    -193.9066639    983.5021085    523.3941528    238.8342638
     450.000    -203.8007320    995.2690115    523.8130895    244.0703231
     460.000    -213.8112118   1006.7861934    524.2054661    249.3104371
     470.000    -223.9356576   1018.0638486    524.5734721    254.5543513
     480.000    -234.1717224   1029.1115715    524.9190771    259.8018319
     490.000    -244.5171527   1039.9384016    525.2440560    265.0526641
     500.000    -254.9697826   1050.5528645    525.5500125    270.3066496
     510.000    -265.5275290   1060.9630094    525.8383976    275.5636058
     520.000    -276.1883871   1071.1764434    526.1105271    280.8233634
     530.000    -286.9504262   1081.2003629    526.3675962    286.0857661
     540.000    -297.8117854   1091.0415819    526.6106928    291.3506688
     550.000    -308.7706704   1100.7065584    526.8408084    296.6179367
     560.000    -319.8253496   1110.2014184    527.0588485    301.8874447
     570.000    -330.9741511   1119.5319778    527.2656411    307.1590762
     580.000    -342.2154599   1128.7037629    527.4619446    312.4327226
     590.000    -353.5477147   1137.7220291    527.6484548    317.7082824
     600.000    -364.9694055   1146.5917777    527.8258109    322.9856612
     610.000    -376.4790711   1155.3177725    527.9946009    328.2647701
     620.000    -388.0752969   1163.9045538    528.1553663    333.5455264
     630.000    -399.7567126   1172.3564523    528.3086067    338.8278524
     640.000    -411.5219901   1180.6776018    528.4547836    344.1116750
     650.000    -423.3698420   1188.8719506    528.5943235    349.3969259
     660.000    -435.2990191   1196.9432724    528.7276215    354.6835407
     670.000    -447.3083094   1204.8951763    528.8550436    359.9714588
     680.000    -459.3965361   1212.7311165    528.9769295    365.2606231
     690.000    -471.5625562   1220.4544002    529.0935947    370.5509800
     700.000    -483.8052591   1228.0681967    529.2053326    375.8424786
     710.000    -496.1235653   1235.5755442    529.3124164    381.1350711
     720.000    -508.5164249   1242.9793572    529.4151005    386.4287122
     730.000    -520.9828167   1250.2824328    529.5136224    391.7233592
     740.000    -533.5217468   1257.4874572    529.6082035    397.0189716
     750.000    -546.1322476   1264.5970113    529.6990509    402.3155109
     760.000    -558.8133770   1271.6135761    529.7863584    407.6129408
     770.000    -571.5642171   1278.5395376    529.8703072    412.9112268
     780.000    -584.3838734   1285.3771920    529.9510671    418.2103363
     790.000    -597.2714740   1292.1287494    530.0287974    423.5102381
     800.000    -610.2261685   1298.7963390    530.1036476    428.8109026
     810.000    -623.2471277   1305.3820119    530.1757579    434.1123019
     820.000    -636.3335423   1311.8877456    530.2452604    439.4144091
     830.000    -649.4846225   1318.3154474    530.3122791    444.7171988
     840.000    -662.6995973   1324.6669573    530.3769308    450.0206468
     850.000    -675.9777136   1330.9440512    530.4393256    455.3247299
     860.000    -689.3182360   1337.1484443    530.4995672    460.6294261
     870.000    -702.7204457   1343.2817932    530.5577533    465.9347144
     880.000    -716.1836404   1349.3456989    530.6139764    471.2405747
     890.000    -729.7071334   1355.3417091    530.6683237    476.5469877
     900.000    -743.2902532   1361.2713204    530.7208776    481.8539352
     910.000    -756.9323433   1367.1359811    530.7717160    487.1613995
     920.000    -770.6327610   1372.9370924    530.8209128    492.4693640
     930.000    -784.3908778   1378.6760112    530.8685378    497.7778125
     940.000    -798.2060783   1384.3540511    530.9146571    503.0867297
     950.000    -812.0777602   1389.9724853    530.9593336    508.3961009
     960.000    -826.0053335   1395.5325472    531.0026267    513.7059118
     970.000    -839.9882205   1401.0354325    531.0445929    519.0161490
     980.000    -854.0258554   1406.4823008    531.0852859    524.3267994
     990.000    -868.1176836   1411.8742770    531.1247565    529.6378506
    1000.000    -882.2631616   1417.2124522    531.1630532    534.9492906
    1010.000    -896.4617568   1422.4978859    531.2002221    540.2611079
    1020.000    -910.7129470   1427.7316063    531.2363069    545.5732915
    1030.000    -925.0162199   1432.9146121    531.2713495    550.8858306
    1040.000    -939.3710734   1438.0478736    531.3053894    556.1987151
    1050.000    -953.7770147   1443.1323332    531.3384646    561.5119352
    1060.000    -968.2335604   1448.1689073    531.3706112    566.8254813
    1070.000    -982.7402362   1453.1584866    531.4018635    572.1393444
    1080.000    -997.2965764   1458.1019371    531.4322544    577.4535157
    1090.000   -1011.9021240   1463.0001016    531.4618153    582.7679867
    1100.000   -1026.5564302   1467.8537996    531.4905760    588.0827493
    1110.000   -1041.2590544   1472.6638289    531.5185653    593.3977957
    1120.000   -1056.0095638   1477.4309661    531.5458103    598.7131182
    1130.000   -1070.8075333   1482.1559671    531.5723373    604.0287095
    1140.000   -1085.6525452   1486.8395682    531.5981712    609.3445626
    1150.000   -1100.5441891   1491.4824867    531.6233359    614.6606707
    1160.000   -1115.4820616   1496.0854214    531.6478544    619.9770272
    1170.000   -1130.4657665   1500.6490531    531.6717486    625.2936257
    1180.000   -1145.4949139   1505.1740458    531.6950395    630.6104601
    1190.000   -1160.5691207   1509.6610465    531.7177471    635.9275245
    1200.000   -1175.6880103   1514.1106862    531.7398909    641.2448132
    1210.000   -1190.8512120   1518.5235806    531.7614893    646.5623205
    1220.000   -1206.0583614   1522.9003300    531.7825601    651.8800412
    1230.000   -1221.3091001   1527.2415204    531.8031202    657.1979700
    1240.000   -1236.6030752   1531.5477235    531.8231861    662.5161020
    1250.000   -1251.9399398   1535.8194976    531.8427735    667.8344322
    1260.000   -1267.3193522   1540.0573874    531.8618974    673.1529559
    1270.000   -1282.7409763   1544.2619252    531.8805724    678.4716686
    1280.000   -1298.2044813   1548.4336306    531.8988124    683.7905659
    1290.000   -1313.7095412   1552.5730114    531.9166307    689.1096435
    1300.000   -1329.2558354   1556.6805635    531.9340404    694.4288972
    1310.000   -1344.8430480   1560.7567717    531.9510537    699.7483230
    1320.000   -1360.4708679   1564.8021098    531.9676826    705.0679169
    1330.000   -1376.1389888   1568.8170408    531.9839386    710.3876754
    1340.000   -1391.8471089   1572.8020175    531.9998327    715.7075945
    1350.000   -1407.5949308   1576.7574827    532.0153757    721.0276708
    1360.000   -1423.3821616   1580.6838695    532.0305777    726.3479009
    1370.000   -1439.2085127   1584.5816015    532.0454487    731.6682813
    1380.000   -1455.0736995   1588.4510930    532.0599982    736.9888088
    1390.000   -1470.9774418   1592.2927496    532.0742354    742.3094802
    1400.000   -1486.9194631   1596.1069683    532.0881692    747.6302925
    1410.000   -1502.8994910   1599.8941373    532.1018081    752.9512426
    1420.000   -1518.9172569   1603.6546370    532.1151604    758.2723277
    1430.000   -1534.9724961   1607.3888398    532.1282341    763.5935449
    1440.000   -1551.0649473   1611.0971102    532.1410368    768.9148915
    1450.000   -1567.1943530   1614.7798054    532.1535760    774.2363648
    1460.000   -1583.3604593   1618.4372750    532.1658588    779.5579621
    1470.000   -1599.5630156   1622.0698617    532.1778923    784.8796811
    1480.000   -1615.8017747   1625.6779013    532.1896831    790.2015192
    1490.000   -1632.0764929   1629.2617227    532.2012377    795.5234740
    1500.000   -1648.3869295   1632.8216484    532.2125623    800.8455432
    1510.000   -1664.7328472   1636.3579945    532.2236630    806.1677245
    1520.000   -1681.1140118   1639.8710707    532.2345457    811.4900157
    1530.000   -1697.5301921   1643.3611809    532.2452160    816.8124147
    1540.000   -1713.9811599   1646.8286229    532.2556795    822.1349193
    1550.000   -1730.4666900   1650.2736888    532.2659414    827.4575276
    1560.000   -1746.9865600   1653.6966651    532.2760069    832.7802375
    1570.000   -1763.5405506   1657.0978329    532.2858810    838.1030471
    1580.000   -1780.1284449   1660.4774680    532.2955684    843.4259545
    1590.000   -1796.7500291   1663.8358408    532.3050739    848.7489579
    1600.000   -1813.4050917   1667.1732170    532.3144020    854.0720554
    1610.000   -1830.0934243   1670.4898569    532.3235571    859.3952453
    1620.000   -1846.8148206   1673.7860164    532.3325433    864.7185260
    1630.000   -1863.5690772   1677.0619465    532.3413649    870.0418956
    1640.000   -1880.3559929   1680.3178937    532.3500259    875.3653527
    1650.000   -1897.1753693   1683.5540999    532.3585301    880.6888956
    1660.000   -1914.0270099   1686.7708029    532.3668812    886.0125228
    1670.000   -1930.9107211   1689.9682358    532.3750830    891.3362328
    1680.000   -1947.8263112   1693.1466281    532.3831389    896.6600240
    1690.000   -1964.7735909   1696.3062047    532.3910524    901.9838951
    1700.000   -1981.7523733   1699.4471870    532.3988269    907.3078446
    1710.000   -1998.7624734   1702.5697921    532.4064655    912.6318712
    1720.000   -2015.8037086   1705.6742337    532.4139715    917.9559734
    1730.000   -2032.8758982   1708.7607216    532.4213478    923.2801501
    1740.000   -2049.9788639   1711.8294620    532.4285975    928.6044000
    1750.000   -2067.1124290   1714.8806575    532.4357234    933.9287217
    1760.000   -2084.2764192   1717.9145075    532.4427283    939.2531140
    1770.000   -2101.4706620   1720.9312078    532.4496150    944.5775759
    1780.000   -2118.6949868   1723.9309510    532.4563860    949.9021060
    1790.000   -2135.9492251   1726.9139264    532.4630441    955.2267032
    1800.000   -2153.2332101   1729.8803203    532.4695916    960.5513665
    1810.000   -2170.5467769   1732.8303158    532.4760309    965.8760947
    1820.000   -2187.8897623   1735.7640929    532.4823646    971.2008867
    1830.000   -2205.2620052   1738.6818289    532.4885948    976.5257416
    1840.000   -2222.6633460   1741.5836980    532.4947238    981.8506583
    1850.000   -2240.0936269   1744.4698717    532.5007538    987.1756358
    1860.000   -2257.5526917   1747.3405187    532.5066869    992.5006731
    1870.000   -2275.0403861   1750.1958049    532.5125252    997.8257692
    1880.000   -2292.5565571   1753.0358938    532.5182707   1003.1509232
    1890.000   -2310.1010538   1755.8609461    532.5239253   1008.4761343
    1900.000   -2327.6737265   1758.6711200    532.5294909   1013.8014015
    1910.000   -2345.2744271   1761.4665712    532.5349695   1019.1267238
    1920.000   -2362.9030093   1764.2474531    532.5403627   1024.4521006
    1930.000   -2380.5593281   1767.0139165    532.5456724   1029.7775308
    1940.000   -2398.2432401   1769.7661102    532.5509003   1035.1030137
    1950.000   -2415.9546033   1772.5041804    532.5560481   1040.4285485
    1960.000   -2433.6932771   1775.2282712    532.5611173   1045.7541344
    1970.000   -2451.4591226   1777.9385245    532.5661096   1051.0797706
    1980.000   -2469.2520019   1780.6350800    532.5710265   1056.4054564
    1990.000   -2487.0717790   1783.3180753    532.5758695   1061.7311909
    2000.000   -2504.9183187   1785.9876461    532.5806402   1067.0569735