       0.000     168.4287297      0.0000000      0.0000000    168.4287297
      10.000     168.4227811      2.0769334      5.5431756    168.4435505
      20.000     168.3539166     14.0319597     38.9169049    168.6345558
      30.000     168.0876560     42.1212810    110.3108148    169.3512945
      40.000     167.4554864     86.8739650    208.3928072    170.9304450
      50.000     166.3061742    144.7964696    314.7475893    173.5459977
      60.000     164.5311212    211.2762420    416.0463101    177.2076958
      70.000     162.0655139    282.3360865    506.1361040    181.8290399
      80.000     158.8787750    355.1170267    583.6128927    187.2881371
      90.000     154.9637156    427.7594855    649.3442252    193.4620693
     100.000     150.3278613    499.1351481    704.9828450    200.2413761
     110.000     144.9874014    568.6043050    752.2587632    207.5338750
     120.000     138.9632472    635.8380613    792.7044303    215.2638146
     130.000     132.2785618    700.6990632    827.5844576    223.3694400
     140.000     124.9572570    763.1649012    857.9092085    231.8003432
     150.000     117.0231033    823.2800781    884.4755839    240.5151150
     160.000     108.4992206    881.1263260    907.9109833    249.4794327
     170.000      99.4078046    936.8044639    928.7117201    258.6645635
     180.000      89.7699954    990.4234338    947.2738090    268.0462134
     190.000      79.6058311   1042.0937759    963.9166170    277.6036486
     200.000      68.9342536   1091.9238398    978.9006590    287.3190216
     210.000      57.7731412   1140.0176750    992.4408729    297.1768529
     220.000      46.1393580   1186.4739496   1004.7165139    307.1636269
     230.000      34.0488106   1231.3854918   1015.8785635    317.2674737
     240.000      21.5165069   1274.8392040   1026.0553213    327.4779159
     250.000       8.5566150   1316.9161952   1035.3566692    337.7856638
     260.000      -4.8174804   1357.6920341   1043.8773636    348.1824485
     270.000     -18.5931235   1397.2370652   1051.6996082    358.6608841
     280.000     -32.7583377   1435.6167505   1058.8950906    369.2143524
     290.000     -47.3017776   1472.8920154   1065.5266154    379.8369068
     300.000     -62.2126861   1509.1195862   1071.6494270    390.5231897
     310.000     -77.4808536   1544.3523111   1077.3122952    401.2683629
     320.000     -93.0965808   1578.6394619   1082.5584128    412.0680470
     330.000    -109.0506445   1612.0270145   1087.4261452    422.9182703
     340.000    -125.3342659   1644.5579082   1091.9496608    433.8154229
     350.000    -141.9390812   1676.2722840   1096.1594655    444.7562182
     360.000    -158.8571153   1707.2077032   1100.0828574    455.7376579
     370.000    -176.0807563   1737.3993480   1103.7443165    466.7570025
     380.000    -193.6027332   1766.8802048   1107.1658408    477.8117446
     390.000    -211.4160945   1795.6812314   1110.3672354    488.8995857
     400.000    -229.5141888   1823.8315104   1113.3663639    500.0184153
     410.000    -247.8906469   1851.3583894   1116.1793674    511.1662928
     420.000    -266.5393646   1878.2876088   1118.8208552    522.3414311
     430.000    -285.4544878   1904.6434193   1121.3040715    533.5421824
     440.000    -304.6303980   1930.4486890   1123.6410422    544.7670252
     450.000    -324.0616986   1955.7250021   1125.8427035    556.0145524
     460.000    -343.7432029   1980.4927488   1127.9190153    567.2834615
     470.000    -363.6699227   2004.7712083   1129.8790617    578.5725452
     480.000    -383.8370571   2028.5786250   1131.7311393    589.8806829
     490.000    -404.2399828   2051.9322780   1133.4828359    601.2068335
     500.000    -424.8742448   2074.8485460   1135.1411004    612.5500283
     510.000    -445.7355476   2097.3429665   1136.7123045    623.9093653
     520.000    -466.8197472   2119.4302902   1138.2022984    635.2840037
     530.000    -488.1228432   2141.1245316   1139.6164598    646.6731586
     540.000    -509.6409720   2162.4390161   1140.9597381    658.0760967
     550.000    -531.3704000   2183.3864223   1142.2366939    669.4921323
     560.000    -553.3075172   2203.9788227   1143.4515341    680.9206235
     570.000    -575.4488315   2224.2277200   1144.6081440    692.3609689
     580.000    -597.7909632   2244.1440819   1145.7101155    703.8126043
     590.000    -620.3306396   2263.7383726   1146.7607730    715.2750002
     600.000    -643.0646904   2283.0205824   1147.7631964    726.7476590
     610.000    -665.9900429   2302.0002553   1148.7202420    738.2301129
     620.000    -689.1037175   2320.6865145   1149.6345615    749.7219215
     630.000    -712.4028242   2339.0880860   1150.5086188    761.2226699
     640.000    -735.8845582   2357.2133210   1151.3447057    772.7319673
     650.000    -759.5461962   2375.0702167   1152.1449556    784.2494446
     660.000    -783.3850936   2392.6664351   1152.9113566    795.7747536
     670.000    -807.3986805   2410.0093218   1153.6457630    807.3075651
     680.000    -831.5844591   2427.1059222   1154.3499054    818.8475680
     690.000    -855.9400006   2443.9629976   1155.0254009    830.3944677
     700.000    -880.4629423   2460.5870398   1155.6737613    841.9479855
     710.000    -905.1509854   2476.9842854   1156.2964014    853.5078572
     720.000    -930.0018921   2493.1607282   1156.8946462    865.0738323
     730.000    -955.0134832   2509.1221318   1157.4697376    876.6456730
     740.000    -980.1836364   2524.8740407   1158.0228403    888.2231537
     750.000   -1005.5102835   2540.4217916   1158.5550477    899.8060601
     760.000   -1030.9914089   2555.7705228   1159.0673869    911.3941885
     770.000   -1056.6250471   2570.9251844   1159.5608232    922.9873449
     780.000   -1082.4092816   2585.8905468   1160.0362649    934.5853449
     790.000   -1108.3422424   2600.6712094   1160.4945668    946.1880130
     800.000   -1134.4221049   2615.2716084   1160.9365343    957.7951818
     810.000   -1160.6470880   2629.6960244   1161.3629262    969.4066918
     820.000   -1187.0154526   2643.9485895   1161.7744585    981.0223908
     830.000   -1213.5255002   2658.0332939   1162.1718069    992.6421337
     840.000   -1240.1755718   2671.9539924   1162.5556094   1004.2657818
     850.000   -1266.9640458   2685.7144101   1162.9264689   1015.8932028
     860.000   -1293.8893377   2699.3181485   1163.2849555   1027.5242700
     870.000   -1320.9498982   2712.7686903   1163.6316085   1039.1588624
     880.000   -1348.1442121   2726.0694051   1163.9669384   1050.7968644
     890.000   -1375.4707977   2739.2235537   1164.2914287   1062.4381651
     900.000   -1402.9282052   2752.2342928   1164.6055377   1074.0826584
     910.000   -1430.5150157   2765.1046796   1164.9096997   1085.7302427
     920.000   -1458.2298408   2777.8376754   1165.2043269   1097.3808206
     930.000   -1486.0713208   2790.4361501   1165.4898105   1109.0342987
     940.000   -1514.0381247   2802.9028853   1165.7665221   1120.6905876
     950.000   -1542.1289484   2815.2405785   1166.0348145   1132.3496011
     960.000   -1570.3425148   2827.4518456   1166.2950233   1144.0112569
     970.000   -1598.6775724   2839.5392248   1166.5474676   1155.6754757
     980.000   -1627.1328946   2851.5051796   1166.7924511   1167.3421814
     990.000   -1655.7072792   2863.3521010   1167.0302627   1179.0113008
    1000.000   -1684.3995476   2875.0823112   1167.2611777   1190.6827637
    1010.000   -1713.2085439   2886.6980655   1167.4854584   1202.3565023
    1020.000   -1742.1331347   2898.2015551   1167.7033549   1214.0324515
    1030.000   -1771.1722079   2909.5949095   1167.9151055   1225.7105489
    1040.000   -1800.3246727   2920.8801986   1168.1209377   1237.3907339
    1050.000   -1829.5894584   2932.0594352   1168.3210687   1249.0729486
    1060.000   -1858.9655144   2943.1345768   1168.5157057   1260.7571370
    1070.000   -1888.4518093   2954.1075274   1168.7050468   1272.4432451
    1080.000   -1918.0473305   2964.9801402   1168.8892812   1284.1312209
    1090.000   -1947.7510836   2975.7542183   1169.0685898   1295.8210143
    1100.000   -1977.5620923   2986.4315174   1169.2431457   1307.5125769
    1110.000   -2007.4793971   2997.0137469   1169.4131144   1319.2058619
    1120.000   -2037.5020558   3007.5025716   1169.5786543   1330.9008244
    1130.000   -2067.6291426   3017.8996136   1169.7399171   1342.5974207
    1140.000   -2097.8597474   3028.2064530   1169.8970481   1354.2956090
    1150.000   -2128.1929761   3038.4246300   1170.0501864   1365.9953484
    1160.000   -2158.6279495   3048.5556460   1170.1994656   1377.6965998
    1170.000   -2189.1638034   3058.6009647   1170.3450135   1389.3993253
    1180.000   -2219.7996879   3068.5620135   1170.4869528   1401.1034881
    1190.000   -2250.5347674   3078.4401850   1170.6254012   1412.8090527
    1200.000   -2281.3682199   3088.2368373   1170.7604718   1424.5159848
    1210.000   -2312.2992368   3097.9532959   1170.8922729   1436.2242512
    1220.000   -2343.3270228   3107.5908545   1171.0209088   1447.9338197
    1230.000   -2374.4507951   3117.1507759   1171.1464795   1459.6446592
    1240.000   -2405.6697836   3126.6342928   1171.2690812   1471.3567394
    1250.000   -2436.9832303   3136.0426092   1171.3888062   1483.0700312
    1260.000   -2468.3903891   3145.3769011   1171.5057437   1494.7845063
    1270.000   -2499.8905254   3154.6383169   1171.6199789   1506.5001371
    1280.000   -2531.4829162   3163.8279792   1171.7315941   1518.2168971
    1290.000   -2563.1668495   3172.9469845   1171.8406687   1529.9347605
    1300.000   -2594.9416240   3181.9964048   1171.9472786   1541.6537023
    1310.000   -2626.8065491   3190.9772880   1172.0514974   1553.3736981
    1320.000   -2658.7609447   3199.8906585   1172.1533957   1565.0947245
    1330.000   -2690.8041406   3208.7375181   1172.2530416   1576.8167585
    1340.000   -2722.9354766   3217.5188468   1172.3505007   1588.5397780
    1350.000   -2755.1543023   3226.2356028   1172.4458364   1600.2637614
    1360.000   -2787.4599766   3234.8887239   1172.5391096   1611.9886879
    1370.000   -2819.8518677   3243.4791275   1172.6303791   1623.7145370
    1380.000   -2852.3293531   3252.0077116   1172.7197018   1635.4412890
    1390.000   -2884.8918188   3260.4753550   1172.8071324   1647.1689247
    1400.000   -2917.5386599   3268.8829181   1172.8927238   1658.8974255
    1410.000   -2950.2692797   3277.2312432   1172.9765270   1670.6267732
    1420.000   -2983.0830901   3285.5211551   1173.0585913   1682.3569502
    1430.000   -3015.9795108   3293.7534617   1173.1389643   1694.0879394
    1440.000   -3048.9579699   3301.9289541   1173.2176920   1705.8197240
    1450.000   -3082.0179031   3310.0484076   1173.2948189   1717.5522879
    1460.000   -3115.1587538   3318.1125815   1173.3703879   1729.2856152
    1470.000   -3148.3799730   3326.1222201   1173.4444406   1741.0196906
    1480.000   -3181.6810189   3334.0780527   1173.5170171   1752.7544991
    1490.000   -3215.0613570   3341.9807941   1173.5881562   1764.4900262
    1500.000   -3248.5204601   3349.8311451   1173.6578957   1776.2262576
    1510.000   -3282.0578076   3357.6297928   1173.7262718   1787.9631795
    1520.000   -3315.6728859   3365.3774108   1173.7933196   1799.7007786
    1530.000   -3349.3651879   3373.0746598   1173.8590734   1811.4390416
    1540.000   -3383.1342133   3380.7221878   1173.9235661   1823.1779558
    1550.000   -3416.9794681   3388.3206302   1173.9868296   1834.9175088
    1560.000   -3450.9004644   3395.8706108   1174.0488949   1846.6576884
    1570.000   -3484.8967208   3403.3727411   1174.1097920   1858.3984828
    1580.000   -3518.9677617   3410.8276216   1174.1695498   1870.1398805
    1590.000   -3553.1131177   3418.2358414   1174.2281967   1881.8818701
    1600.000   -3587.3323249   3425.5979786   1174.2857598   1893.6244408
    1610.000   -3621.6249255   3432.9146008   1174.3422656   1905.3675818
    1620.000   -3655.9904671   3440.1862653   1174.3977399   1917.1112827
    1630.000   -3690.4285028   3447.4135190   1174.4522074   1928.8555332
    1640.000   -3724.9385912   3454.5968993   1174.5056923   1940.6003235
    1650.000   -3759.5202963   3461.7369334   1174.5582182   1952.3456439
    1660.000   -3794.1731871   3468.8341397   1174.6098076   1964.0914848
    1670.000   -3828.8968380   3475.8890270   1174.6604826   1975.8378370
    1680.000   -3863.6908283   3482.9020951   1174.7102648   1987.5846915
    1690.000   -3898.5547422   3489.8738352   1174.7591749   1999.3320394
    1700.000   -3933.4881688   3496.8047300   1174.8072331   2011.0798721
    1710.000   -3968.4907022   3503.6952535   1174.8544589   2022.8281813
    1720.000   -4003.5619409   3510.5458718   1174.9008716   2034.5769586
    1730.000   -4038.7014881   3517.3570429   1174.9464896   2046.3261961
    1740.000   -4073.9089518   3524.1292170   1174.9913308   2058.0758858
    1750.000   -4109.1839440   3530.8628366   1175.0354129   2069.8260201
    1760.000   -4144.5260814   3537.5583369   1175.0787527   2081.5765916
    1770.000   -4179.9349851   3544.2161457   1175.1213669   2093.3275928
    1780.000   -4215.4102801   3550.8366835   1175.1632714   2105.0790165
    1790.000   -4250.9515959   3557.4203641   1175.2044820   2116.8308559
    1800.000   -4286.5585659   3563.9675943   1175.2450138   2128.5831039
    1810.000   -4322.2308276   3570.4787743   1175.2848816   2140.3357540
    1820.000   -4357.9680225   3576.9542978   1175.3240999   2152.0887994
    1830.000   -4393.7697960   3583.3945518   1175.3626826   2163.8422338
    1840.000   -4429.6357973   3589.7999175   1175.4006433   2175.5960510
    1850.000   -4465.5656793   3596.1707697   1175.4379954   2187.3502447
    1860.000   -4501.5590988   3602.5074773   1175.4747516   2199.1048089
    1870.000   -4537.6157162   3608.8104032   1175.5109247   2210.8597378
    1880.000   -4573.7351955   3615.0799048   1175.5465269   2222.6150255
    1890.000   -4609.9172041   3621.3163336   1175.5815701   2234.3706664
    1900.000   -4646.1614131   3627.5200359   1175.6160658   2246.1266551
    1910.000   -4682.4674969   3633.6913523   1175.6500255   2257.8829860
    1920.000   -4718.8351333   3639.8306183   1175.6834601   2269.6396538
    1930.000   -4755.2640035   3645.9381642   1175.7163805   2281.3966534
    1940.000   -4791.7537919   3652.0143153   1175.7487970   2293.1539798
    1950.000   -4828.3041862   3658.0593918   1175.7807199   2304.9116277
    1960.000   -4864.9148772   3664.0737091   1175.8121592   2316.6695925
    1970.000   -4901.5855589   3670.0575778   1175.8431245   2328.4278693
    1980.000   -4938.3159283   3676.0113039   1175.8736252   2340.1864535
    1990.000   -4975.1056855   3681.9351889   1175.9036708   2351.9453403
    2000.000   -5011.9545336   3687.8295295   1175.9332700   2363.7045254
