       0.000     167.6542268      0.0000000      0.0000000    167.6542268
      10.000     167.6493735      1.5184912      3.3308165    167.6645584
      20.000     167.6084844      7.7717174     20.1792546    167.7639187
      30.000     167.4610549     23.8847141     69.0453284    168.1775964
      40.000     167.0818749     54.4475309    151.6142348    169.2597761
      50.000     166.3263811     98.6279834    248.7395456    171.2577803
      60.000     165.0770740    152.4872612    343.7156398    174.2263097
      70.000     163.2578939    212.0065701    428.7660181    178.0983539
      80.000     160.8282286    274.1753848    502.0867944    182.7622594
      90.000     157.7722293    337.0167520    564.5241024    188.1037370
     100.000     154.0897357    399.3220587    617.7198276    194.0219416
     110.000     149.7899466    460.3901391    663.3251246    200.4328619
     120.000     144.8873561    519.8375356    702.7456867    207.2678604
     130.000     139.3992431    577.4745425    737.1054359    214.4709336
     140.000     133.3441517    633.2278552    767.2834703    221.9960514
     150.000     126.7409835    687.0932240    793.9658793    229.8049671
     160.000     119.6084628    739.1066584    817.6924052    237.8655281
     170.000     111.9648289    789.3269187    838.8931711    246.1504050
     180.000     103.8276661    837.8248476    857.9160121    254.6361387
     190.000      95.2138184    884.6768619    875.0463456    263.3024222
     200.000      86.1393551    929.9609876    890.5215349    272.1315526
     210.000      76.6195673    973.7544647    904.5413201    281.1080049
     220.000      66.6689841   1016.1323277    917.2754788    290.2180962
     230.000      56.3013990   1057.1665971    928.8695418    299.4497163
     240.000      45.5299018   1096.9258562    939.4491324    308.7921073
     250.000      34.3669149   1135.4750703    949.1233231    318.2356825
     260.000      22.8242291   1172.8755584    957.9872785    327.7718743
     270.000      10.9130400   1209.1850604    966.1243723    337.3930063
     280.000      -1.3560168   1244.4578606    973.6079079    347.0921842
     290.000     -13.9728318   1278.7449452    980.5025344    356.8632023
     300.000     -26.9277898   1312.0941766    986.8654265    366.7004631
     310.000     -40.2117392   1344.5504748    992.7472754    376.5989079
     320.000     -53.8159637   1376.1559987    998.1931269    386.5539559
     330.000     -67.7321555   1406.9503238   1003.2430969    396.5614514
     340.000     -81.9523903   1436.9706126   1007.9329830    406.6176179
     350.000     -96.4691042   1466.2517772   1012.2947912    416.7190178
     360.000    -111.2750717   1494.8266327   1016.3571906    426.8625161
     370.000    -126.3633856   1522.7260411   1020.1459075    437.0452496
     380.000    -141.7274381   1549.9790456   1023.6840671    447.2645993
     390.000    -157.3609032   1576.6129963   1026.9924918    457.5181654
     400.000    -173.2577205   1602.6536667   1030.0899616    467.8037461
     410.000    -189.4120801   1628.1253616   1032.9934413    478.1193182
     420.000    -205.8184078   1653.0510177   1035.7182800    488.4630197
     430.000    -222.4713526   1677.4522964   1038.2783865    498.8331348
     440.000    -239.3657741   1701.3496696   1040.6863835    509.2280805
     450.000    -256.4967310   1724.7624996   1042.9537426    519.6463938
     460.000    -273.8594702   1747.7091122   1045.0909054    530.0867214
     470.000    -291.4494171   1770.2068657   1047.1073884    540.5478097
     480.000    -309.2621662   1792.2722130   1049.0118773    551.0284960
     490.000    -327.2934722   1813.9207605   1050.8123102    561.5277005
     500.000    -345.5392416   1835.1673224   1052.5159517    572.0444196
     510.000    -363.9955256   1856.0259702   1054.1294580    582.5777192
     520.000    -382.6585126   1876.5100795   1055.6589364    593.1267287
     530.000    -401.5245212   1896.6323732   1057.1099968    603.6906365
     540.000    -420.5899944   1916.4049610   1058.4877987    614.2686845
     550.000    -439.8514933   1935.8393772   1059.7970930    624.8601642
     560.000    -459.3056914   1954.9466145   1061.0422593    635.4644127
     570.000    -478.9493700   1973.7371563   1062.2273396    646.0808091
     580.000    -498.7794123   1992.2210068   1063.3560684    656.7087716
     590.000    -518.7927997   2010.4077185   1064.4318996    667.3477542
     600.000    -538.9866067   2028.3064178   1065.4580312    677.9972440
     610.000    -559.3579971   2045.9258298   1066.4374275    688.6567591
     620.000    -579.9042202   2063.2743002   1067.3728385    699.3258460
     630.000    -600.6226067   2080.3598165   1068.2668180    710.0040777
     640.000    -621.5105655   2097.1900276   1069.1217402    720.6910521
     650.000    -642.5655807   2113.7722622   1069.9398142    731.3863897
     660.000    -663.7852076   2130.1135456   1070.7230973    742.0897325
     670.000    -685.1670709   2146.2206164   1071.4735073    752.8007421
     680.000    -706.7088608   2162.0999410   1072.1928335    763.5190990
     690.000    -728.4083313   2177.7577276   1072.8827466    774.2445008
     700.000    -750.2632968   2193.1999399   1073.5448083    784.9766611
     710.000    -772.2716306   2208.4323093   1074.1804790    795.7153090
     720.000    -794.4312619   2223.4603462   1074.7911261    806.4601873
     730.000    -816.7401741   2238.2893514   1075.3780304    817.2110524
     740.000    -839.1964026   2252.9244261   1075.9423930    827.9676728
     750.000    -861.7980326   2267.3704819   1076.4853406    838.7298288
     760.000    -884.5431979   2281.6322496   1077.0079313    849.4973117
     770.000    -907.4300785   2295.7142876   1077.5111594    860.2699229
     780.000    -930.4568992   2309.6209907   1077.9959599    871.0474735
     790.000    -953.6219280   2323.3565971   1078.4632125    881.8297836
     800.000    -976.9234745   2336.9251957   1078.9137455    892.6166820
     810.000   -1000.3598884   2350.3307331   1079.3483396    903.4080054
     820.000   -1023.9295583   2363.5770201   1079.7677307    914.2035982
     830.000   -1047.6309103   2376.6677373   1080.1726133    925.0033117
     840.000   -1071.4624064   2389.6064412   1080.5636428    935.8070042
     850.000   -1095.4225439   2402.3965698   1080.9414386    946.6145404
     860.000   -1119.5098536   2415.0414471   1081.3065861    957.4257909
     870.000   -1143.7228994   2427.5442887   1081.6596388    968.2406318
     880.000   -1168.0602763   2439.9082061   1082.0011207    979.0589451
     890.000   -1192.5206105   2452.1362110   1082.3315278    989.8806173
     900.000   -1217.1025572   2464.2312195   1082.6513302   1000.7055403
     910.000   -1241.8048009   2476.1960561   1082.9609733   1011.5336101
     920.000   -1266.6260536   2488.0334575   1083.2608798   1022.3647273
     930.000   -1291.5650542   2499.7460760   1083.5514505   1033.1987966
     940.000   -1316.6205677   2511.3364832   1083.8330662   1044.0357265
     950.000   -1341.7913848   2522.8071726   1084.1060886   1054.8754292
     960.000   -1367.0763202   2534.1605635   1084.3708611   1065.7178207
     970.000   -1392.4742129   2545.3990030   1084.6277108   1076.5628201
     980.000   -1417.9839247   2556.5247697   1084.8769484   1087.4103496
     990.000   -1443.6043401   2567.5400755   1085.1188698   1098.2603346
    1000.000   -1469.3343652   2578.4470687   1085.3537567   1109.1127035
    1010.000   -1495.1729274   2589.2478362   1085.5818776   1119.9673872
    1020.000   -1521.1189746   2599.9444058   1085.8034882   1130.8243194
    1030.000   -1547.1714747   2610.5387484   1086.0188325   1141.6834361
    1040.000   -1573.3294152   2621.0327799   1086.2281430   1152.5446759
    1050.000   -1599.5918022   2631.4283636   1086.4316417   1163.4079796
    1060.000   -1625.9576603   2641.7273117   1086.6295407   1174.2732901
    1070.000   -1652.4260322   2651.9313875   1086.8220423   1185.1405524
    1080.000   -1678.9959776   2662.0423066   1087.0093400   1196.0097136
    1090.000   -1705.6665734   2672.0617393   1087.1916187   1206.8807225
    1100.000   -1732.4369128   2681.9913115   1087.3690551   1217.7535298
    1110.000   -1759.3061053   2691.8326066   1087.5418183   1228.6280880
    1120.000   -1786.2732759   2701.5871670   1087.7100702   1239.5043511
    1130.000   -1813.3375646   2711.2564951   1087.8739657   1250.3822749
    1140.000   -1840.4981265   2720.8420552   1088.0336531   1261.2618164
    1150.000   -1867.7541312   2730.3452745   1088.1892747   1272.1429344
    1160.000   -1895.1047622   2739.7675440   1088.3409665   1283.0255888
    1170.000   -1922.5492168   2749.1102204   1088.4888592   1293.9097411
    1180.000   -1950.0867057   2758.3746267   1088.6330780   1304.7953538
    1190.000   -1977.7164527   2767.5620534   1088.7737430   1315.6823908
    1200.000   -2005.4376944   2776.6737596   1088.9109695   1326.5708172
    1210.000   -2033.2496796   2785.7109741   1089.0448682   1337.4605991
    1220.000   -2061.1516696   2794.6748962   1089.1755454   1348.3517038
    1230.000   -2089.1429371   2803.5666965   1089.3031031   1359.2440996
    1240.000   -2117.2227669   2812.3875183   1089.4276394   1370.1377558
    1250.000   -2145.3904546   2821.1384778   1089.5492486   1381.0326426
    1260.000   -2173.6453072   2829.8206655   1089.6680214   1391.9287313
    1270.000   -2201.9866423   2838.4351466   1089.7840449   1402.8259939
    1280.000   -2230.4137879   2846.9829619   1089.8974029   1413.7244033
    1290.000   -2258.9260827   2855.4651287   1090.0081763   1424.6239333
    1300.000   -2287.5228750   2863.8826411   1090.1164426   1435.5245585
    1310.000   -2316.2035232   2872.2364712   1090.2222767   1446.4262541
    1320.000   -2344.9673953   2880.5275693   1090.3257506   1457.3289962
    1330.000   -2373.8138686   2888.7568647   1090.4269337   1468.2327615
    1340.000   -2402.7423296   2896.9252664   1090.5258929   1479.1375274
    1350.000   -2431.7521739   2905.0336637   1090.6226927   1490.0432721
    1360.000   -2460.8428058   2913.0829265   1090.7173951   1500.9499743
    1370.000   -2490.0136382   2921.0739061   1090.8100603   1511.8576132
    1380.000   -2519.2640924   2929.0074357   1090.9007459   1522.7661689
    1390.000   -2548.5935981   2936.8843308   1090.9895078   1533.6756217
    1400.000   -2578.0015929   2944.7053898   1091.0763999   1544.5859528
    1410.000   -2607.4875224   2952.4713944   1091.1614740   1555.4971437
    1420.000   -2637.0508398   2960.1831100   1091.2447804   1566.4091764
    1430.000   -2666.6910061   2967.8412865   1091.3263677   1577.3220335
    1440.000   -2696.4074896   2975.4466581   1091.4062825   1588.2356982
    1450.000   -2726.1997657   2982.9999444   1091.4845702   1599.1501538
    1460.000   -2756.0673172   2990.5018503   1091.5612745   1610.0653843
    1470.000   -2786.0096337   2997.9530666   1091.6364378   1620.9813741
    1480.000   -2816.0262118   3005.3542702   1091.7101008   1631.8981081
    1490.000   -2846.1165546   3012.7061248   1091.7823031   1642.8155713
    1500.000   -2876.2801720   3020.0092809   1091.8530830   1653.7337494
    1510.000   -2906.5165800   3027.2643764   1091.9224776   1664.6526283
    1520.000   -2936.8253014   3034.4720367   1091.9905225   1675.5721944
    1530.000   -2967.2058647   3041.6328752   1092.0572525   1686.4924344
    1540.000   -2997.6578048   3048.7474935   1092.1227012   1697.4133352
    1550.000   -3028.1806625   3055.8164818   1092.1869010   1708.3348842
    1560.000   -3058.7739843   3062.8404189   1092.2498835   1719.2570692
    1570.000   -3089.4373226   3069.8198730   1092.3116791   1730.1798780
    1580.000   -3120.1702353   3076.7554014   1092.3723175   1741.1032989
    1590.000   -3150.9722860   3083.6475513   1092.4318272   1752.0273205
    1600.000   -3181.8430435   3090.4968596   1092.4902360   1762.9519318
    1610.000   -3212.7820822   3097.3038533   1092.5475708   1773.8771217
    1620.000   -3243.7889813   3104.0690500   1092.6038578   1784.8028797
    1630.000   -3274.8633255   3110.7929576   1092.6591223   1795.7291954
    1640.000   -3306.0047045   3117.4760752   1092.7133887   1806.6560588
    1650.000   -3337.2127127   3124.1188925   1092.7666810   1817.5834600
    1660.000   -3368.4869496   3130.7218909   1092.8190223   1828.5113893
    1670.000   -3399.8270194   3137.2855429   1092.8704350   1839.4398373
    1680.000   -3431.2325309   3143.8103130   1092.9209409   1850.3687949
    1690.000   -3462.7030975   3150.2966572   1092.9705611   1861.2982532
    1700.000   -3494.2383374   3156.7450239   1093.0193162   1872.2282033
    1710.000   -3525.8378729   3163.1558536   1093.0672262   1883.1586367
    1720.000   -3557.5013308   3169.5295790   1093.1143103   1894.0895450
    1730.000   -3589.2283422   3175.8666257   1093.1605875   1905.0209202
    1740.000   -3621.0185424   3182.1674118   1093.2060761   1915.9527542
    1750.000   -3652.8715709   3188.4323486   1093.2507937   1926.8850392
    1760.000   -3684.7870713   3194.6618402   1093.2947578   1937.8177675
    1770.000   -3716.7646909   3200.8562841   1093.3379851   1948.7509319
    1780.000   -3748.8040814   3207.0160709   1093.3804919   1959.6845248
    1790.000   -3780.9048981   3213.1415852   1093.4222942   1970.6185393
    1800.000   -3813.0668001   3219.2332048   1093.4634073   1981.5529684
    1810.000   -3845.2894505   3225.2913015   1093.5038464   1992.4878052
    1820.000   -3877.5725157   3231.3162411   1093.5436260   2003.4230431
    1830.000   -3909.9156660   3237.3083834   1093.5827604   2014.3586756
    1840.000   -3942.3185752   3243.2680823   1093.6212634   2025.2946963
    1850.000   -3974.7809206   3249.1956862   1093.6591486   2036.2310988
    1860.000   -4007.3023831   3255.0915378   1093.6964290   2047.1678772
    1870.000   -4039.8826467   3260.9559744   1093.7331174   2058.1050254
    1880.000   -4072.5213989   3266.7893280   1093.7692262   2069.0425376
    1890.000   -4105.2183307   3272.5919253   1093.8047677   2079.9804081
    1900.000   -4137.9731360   3278.3640880   1093.8397535   2090.9186311
    1910.000   -4170.7855121   3284.1061327   1093.8741953   2101.8572013
    1920.000   -4203.6551593   3289.8183711   1093.9081041   2112.7961133
    1930.000   -4236.5817812   3295.5011103   1093.9414910   2123.7353617
    1940.000   -4269.5650842   3301.1546523   1093.9743664   2134.6749414
    1950.000   -4302.6047779   3306.7792950   1094.0067410   2145.6148473
    1960.000   -4335.7005747   3312.3753313   1094.0386246   2156.5550746
    1970.000   -4368.8521901   3317.9430499   1094.0700273   2167.4956182
    1980.000   -4402.0593423   3323.4827353   1094.1009585   2178.4364735
    1990.000   -4435.3217523   3328.9946674   1094.1314277   2189.3776358
    2000.000   -4468.6391440   3334.4791223   1094.1614441   2200.3191006
