       0.000      48.8954068      0.0000000      0.0000000     48.8954068
      10.000      48.7997011     42.1936860    132.3998931     49.2216380
      20.000      47.4166817    257.2037403    538.7867658     52.5607565
      30.000      43.4465131    538.5344818    843.7157507     59.6025475
      40.000      36.6929040    807.7175833   1019.5972326     69.0016074
      50.000      27.3929486   1047.1536369   1121.4140992     79.7506304
      60.000      15.8469356   1257.5450060   1183.6077281     91.2996360
      70.000       2.3243842   1443.2267183   1223.7758744    103.3502545
      80.000     -12.9497510   1608.5276963   1251.0072475    115.7324647
      90.000     -29.7903152   1757.0471996   1270.2321114    128.3439328
     100.000     -48.0443497   1891.6428679   1284.2702402    141.1199371
     110.000     -67.5843102   2014.5642660   1294.8145850    154.0177590
     120.000     -88.3026903   2127.5904060   1302.9258707    167.0081584
     130.000    -110.1078982   2232.1414445   1309.2937842    180.0704896
     140.000    -132.9211126   2329.3635327   1314.3814175    193.1897820
     150.000    -156.6738748   2420.1920085   1318.5085500    206.3549265
     160.000    -181.3062266   2505.3983691   1321.9014866    219.5575125
     170.000    -206.7652557   2585.6253808   1324.7238830    232.7910591
     180.000    -233.0039471   2661.4135606   1327.0963812    246.0504938
     190.000    -259.9802663   2733.2213538   1329.1094488    259.3317910
     200.000    -287.6564187   2801.4406733   1330.8319746    272.6317160
     210.000    -315.9982480   2866.4089932   1332.3171454    285.9476406
     220.000    -344.9747411   2928.4188564   1333.6065418    299.2774073
     230.000    -374.5576176   2987.7254207   1334.7330434    312.6192291
     240.000    -404.7209875   3044.5525035   1335.7229205    325.9716133
     250.000    -435.4410631   3099.0974652   1336.5973635    339.3333032
     260.000    -466.6959148   3151.5351863   1337.3736159    352.7032336
     270.000    -498.4652634   3202.0213298   1338.0658228    366.0804956
     280.000    -530.7303016   3250.6950380   1338.6856749    379.4643091
     290.000    -563.4735403   3297.6811754   1339.2429015    392.8540006
     300.000    -596.6786759   3343.0922053   1339.7456523    406.2489857
     310.000    -630.3304739   3387.0297708   1340.2007946    419.6487550
     320.000    -664.4146679   3429.5860321   1340.6141481    433.0528624
     330.000    -698.9178704   3470.8448052   1340.9906706    446.4609153
     340.000    -733.8274946   3510.8825347   1341.3346069    459.8725672
     350.000    -769.1316846   3549.7691305   1341.6496077    473.2875110
     360.000    -804.8192543   3587.5686883   1341.9388272    486.7054735
     370.000    -840.8796318   3624.3401152   1342.2050014    500.1262108
     380.000    -877.3028108   3660.1376724   1342.4505131    513.5495047
     390.000    -914.0793064   3695.0114502   1342.6774452    526.9751592
     400.000    -951.2001154   3729.0077829   1342.8876249    540.4029978
     410.000    -988.6566807   3762.1696145   1343.0826602    553.8328612
     420.000   -1026.4408593   3794.5368202   1343.2639708    567.2646052
     430.000   -1064.5448923   3826.1464916   1343.4328141    580.6980991
     440.000   -1102.9613794   3857.0331889   1343.5903068    594.1332237
     450.000   -1141.6832539   3887.2291658   1343.7374432    607.5698707
     460.000   -1180.7037610   3916.7645697   1343.8751115    621.0079410
     470.000   -1220.0164377   3945.6676206   1344.0041063    634.4473440
     480.000   -1259.6150940   3973.9647721   1344.1251409    647.8879966
     490.000   -1299.4937964   4001.6808548   1344.2388568    661.3298225
     500.000   -1339.6468521   4028.8392068   1344.3458319    674.7727513
     510.000   -1380.0687948   4055.4617905   1344.4465886    688.2167184
     520.000   -1420.7543711   4081.5692982   1344.5415993    701.6616639
     530.000   -1461.6985290   4107.1812484   1344.6312926    715.1075326
     540.000   -1502.8964058   4132.3160725   1344.7160579    728.5542733
     550.000   -1544.3433182   4156.9911941   1344.7962495    742.0018385
     560.000   -1586.0347524   4181.2231010   1344.8721905    755.4501842
     570.000   -1627.9663550   4205.0274108   1344.9441760    768.8992692
     580.000   -1670.1339247   4228.4189313   1345.0124760    782.3490554
     590.000   -1712.5334046   4251.4117149   1345.0773376    795.7995072
     600.000   -1755.1608745   4274.0191099   1345.1389878    809.2505914
     610.000   -1798.0125445   4296.2538057   1345.1976350    822.7022770
     620.000   -1841.0847486   4318.1278764   1345.2534712    836.1545348
     630.000   -1884.3739383   4339.6528190   1345.3066731    849.6073376
     640.000   -1927.8766778   4360.8395903   1345.3574037    863.0606600
     650.000   -1971.5896378   4381.6986396   1345.4058138    876.5144780
     660.000   -2015.5095914   4402.2399401   1345.4520427    889.9687690
     670.000   -2059.6334092   4422.4730167   1345.4962194    903.4235120
     680.000   -2103.9580548   4442.4069731   1345.5384637    916.8786870
     690.000   -2148.4805807   4462.0505157   1345.5788866    930.3342752
     700.000   -2193.1981248   4481.4119769   1345.6175912    943.7902590
     710.000   -2238.1079066   4500.4993355   1345.6546736    957.2466216
     720.000   -2283.2072234   4519.3202371   1345.6902232    970.7033473
     730.000   -2328.4934476   4537.8820121   1345.7243233    984.1604212
     740.000   -2373.9640233   4556.1916927   1345.7570516    997.6178292
     750.000   -2419.6164637   4574.2560288   1345.7884806   1011.0755579
     760.000   -2465.4483477   4592.0815033   1345.8186784   1024.5335947
     770.000   -2511.4573183   4609.6743454   1345.8477082   1037.9919276
     780.000   -2557.6410792   4627.0405441   1345.8756296   1051.4505452
     790.000   -2603.9973930   4644.1858603   1345.9024983   1064.9094367
     800.000   -2650.5240786   4661.1158381   1345.9283665   1078.3685918
     810.000   -2697.2190097   4677.8358155   1345.9532833   1091.8280009
     820.000   -2744.0801121   4694.3509349   1345.9772948   1105.2876545
     830.000   -2791.1053621   4710.6661518   1346.0004442   1118.7475439
     840.000   -2838.2927847   4726.7862445   1346.0227724   1132.2076606
     850.000   -2885.6404520   4742.7158220   1346.0443178   1145.6679967
     860.000   -2933.1464810   4758.4593319   1346.0651165   1159.1285445
     870.000   -2980.8090327   4774.0210683   1346.0852025   1172.5892967
     880.000   -3028.6263103   4789.4051779   1346.1046082   1186.0502463
     890.000   -3076.5965575   4804.6156677   1346.1233639   1199.5113867
     900.000   -3124.7180578   4819.6564103   1346.1414982   1212.9727115
     910.000   -3172.9891324   4834.5311506   1346.1590384   1226.4342147
     920.000   -3221.4081396   4849.2435108   1346.1760100   1239.8958904
     930.000   -3269.9734731   4863.7969958   1346.1924374   1253.3577330
     940.000   -3318.6835612   4878.1949985   1346.2083437   1266.8197374
     950.000   -3367.5368657   4892.4408042   1346.2237506   1280.2818982
     960.000   -3416.5318806   4906.5375952   1346.2386788   1293.7442108
     970.000   -3465.6671312   4920.4884552   1346.2531479   1307.2066703
     980.000   -3514.9411732   4934.2963730   1346.2671766   1320.6692723
     990.000   -3564.3525919   4947.9642467   1346.2807826   1334.1320124
    1000.000   -3613.9000007   4961.4948873   1346.2939826   1347.5948866
    1010.000   -3663.5820413   4974.8910218   1346.3067927   1361.0578908
    1020.000   -3713.3973817   4988.1552969   1346.3192280   1374.5210212
    1030.000   -3763.3447162   5001.2902819   1346.3313031   1387.9842741
    1040.000   -3813.4227647   5014.2984719   1346.3430317   1401.4476461
    1050.000   -3863.6302711   5027.1822903   1346.3544270   1414.9111337
    1060.000   -3913.9660037   5039.9440918   1346.3655014   1428.3747336
    1070.000   -3964.4287539   5052.5861650   1346.3762669   1441.8384427
    1080.000   -4015.0173354   5065.1107345   1346.3867349   1455.3022579
    1090.000   -4065.7305841   5077.5199638   1346.3969162   1468.7661764
    1100.000   -4116.5673572   5089.8159568   1346.4068213   1482.2301953
    1110.000   -4167.5265326   5102.0007608   1346.4164599   1495.6943119
    1120.000   -4218.6070084   5114.0763679   1346.4258417   1509.1585236
    1130.000   -4269.8077024   5126.0447172   1346.4349755   1522.6228279
    1140.000   -4321.1275515   5137.9076964   1346.4438702   1536.0872224
    1150.000   -4372.5655113   5149.6671442   1346.4525339   1549.5517046
    1160.000   -4424.1205553   5161.3248514   1346.4609746   1563.0162723
    1170.000   -4475.7916750   5172.8825627   1346.4691998   1576.4809233
    1180.000   -4527.5778789   5184.3419784   1346.4772170   1589.9456556
    1190.000   -4579.4781924   5195.7047558   1346.4850329   1603.4104670
    1200.000   -4631.4916573   5206.9725107   1346.4926543   1616.8753556
    1210.000   -4683.6173312   5218.1468187   1346.5000876   1630.3403195
    1220.000   -4735.8542873   5229.2292164   1346.5073389   1643.8053568
    1230.000   -4788.2016141   5240.2212031   1346.5144142   1657.2704657
    1240.000   -4840.6584149   5251.1242414   1346.5213190   1670.7356445
    1250.000   -4893.2238072   5261.9397590   1346.5280588   1684.2008915
    1260.000   -4945.8969230   5272.6691493   1346.5346389   1697.6662051
    1270.000   -4998.6769077   5283.3137728   1346.5410641   1711.1315838
    1280.000   -5051.5629203   5293.8749580   1346.5473394   1724.5970259
    1290.000   -5104.5541330   5304.3540024   1346.5534694   1738.0625301
    1300.000   -5157.6497308   5314.7521735   1346.5594585   1751.5280948
    1310.000   -5210.8489110   5325.0707098   1346.5653110   1764.9937188
    1320.000   -5264.1508836   5335.3108213   1346.5710311   1778.4594006
    1330.000   -5317.5548700   5345.4736909   1346.5766226   1791.9251390
    1340.000   -5371.0601038   5355.5604749   1346.5820895   1805.3909326
    1350.000   -5424.6658296   5365.5723037   1346.5874354   1818.8567804
    1360.000   -5478.3713037   5375.5102828   1346.5926638   1832.3226809
    1370.000   -5532.1757927   5385.3754934   1346.5977781   1845.7886333
    1380.000   -5586.0785745   5395.1689932   1346.6027818   1859.2546361
    1390.000   -5640.0789370   5404.8918169   1346.6076778   1872.7206885
    1400.000   -5694.1761786   5414.5449771   1346.6124693   1886.1867893
    1410.000   -5748.3696077   5424.1294647   1346.6171593   1899.6529376
    1420.000   -5802.6585423   5433.6462496   1346.6217506   1913.1191322
    1430.000   -5857.0423101   5443.0962814   1346.6262459   1926.5853723
    1440.000   -5911.5202485   5452.4804898   1346.6306479   1940.0516568
    1450.000   -5966.0917036   5461.7997852   1346.6349591   1953.5179849
    1460.000   -6020.7560308   5471.0550592   1346.6391821   1966.9843557
    1470.000   -6075.5125943   5480.2471854   1346.6433193   1980.4507683
    1480.000   -6130.3607668   5489.3770194   1346.6473728   1993.9172218
    1490.000   -6185.2999298   5498.4453995   1346.6513451   2007.3837155
    1500.000   -6240.3294727   5507.4531474   1346.6552382   2020.8502484
    1510.000   -6295.4487933   5516.4010684   1346.6590542   2034.3168200
    1520.000   -6350.6572973   5525.2899517   1346.6627951   2047.7834293
    1530.000   -6405.9543982   5534.1205711   1346.6664630   2061.2500756
    1540.000   -6461.3395170   5542.8936853   1346.6700596   2074.7167583
    1550.000   -6516.8120827   5551.6100382   1346.6735869   2088.1834766
    1560.000   -6572.3715310   5560.2703595   1346.6770466   2101.6502298
    1570.000   -6628.0173055   5568.8753648   1346.6804404   2115.1170173
    1580.000   -6683.7488563   5577.4257561   1346.6837700   2128.5838384
    1590.000   -6739.5656408   5585.9222222   1346.6870370   2142.0506925
    1600.000   -6795.4671232   5594.3654389   1346.6902429   2155.5175789
    1610.000   -6851.4527743   5602.7560692   1346.6933893   2168.9844972
    1620.000   -6907.5220715   5611.0947642   1346.6964776   2182.4514465
    1630.000   -6963.6744986   5619.3821627   1346.6995092   2195.9184265
    1640.000   -7019.9095459   5627.6188917   1346.7024856   2209.3854365
    1650.000   -7076.2267096   5635.8055671   1346.7054080   2222.8524760
    1660.000   -7132.6254924   5643.9427933   1346.7082778   2236.3195445
    1670.000   -7189.1054026   5652.0311641   1346.7110962   2249.7866414
    1680.000   -7245.6659547   5660.0712625   1346.7138644   2263.2537663
    1690.000   -7302.3066689   5668.0636612   1346.7165836   2276.7209186
    1700.000   -7359.0270708   5676.0089227   1346.7192550   2290.1880978
    1710.000   -7415.8266921   5683.9075997   1346.7218797   2303.6553035
    1720.000   -7472.7050694   5691.7602352   1346.7244587   2317.1225352
    1730.000   -7529.6617451   5699.5673628   1346.7269932   2330.5897925
    1740.000   -7586.6962667   5707.3295067   1346.7294841   2344.0570749
    1750.000   -7643.8081870   5715.0471823   1346.7319324   2357.5243821
    1760.000   -7700.9970638   5722.7208962   1346.7343391   2370.9917135
    1770.000   -7758.2624600   5730.3511462   1346.7367051   2384.4590687
    1780.000   -7815.6039435   5737.9384219   1346.7390314   2397.9264474
    1790.000   -7873.0210868   5745.4832045   1346.7413188   2411.3938492
    1800.000   -7930.5134675   5752.9859673   1346.7435682   2424.8612737
    1810.000   -7988.0806676   5760.4471757   1346.7457805   2438.3287205
    1820.000   -8045.7222740   5767.8672875   1346.7479563   2451.7961892
    1830.000   -8103.4378779   5775.2467527   1346.7500966   2465.2636795
    1840.000   -8161.2270751   5782.5860142   1346.7522021   2478.7311910
    1850.000   -8219.0894656   5789.8855076   1346.7542736   2492.1987234
    1860.000   -8277.0246541   5797.1456615   1346.7563117   2505.6662763
    1870.000   -8335.0322491   5804.3668977   1346.7583173   2519.1338495
    1880.000   -8393.1118637   5811.5496310   1346.7602909   2532.6014426
    1890.000   -8451.2631148   5818.6942698   1346.7622333   2546.0690552
    1900.000   -8509.4856234   5825.8012161   1346.7641450   2559.5366871
    1910.000   -8567.7790148   5832.8708653   1346.7660269   2573.0043380
    1920.000   -8626.1429177   5839.9036069   1346.7678794   2586.4720076
    1930.000   -8684.5769652   5846.8998242   1346.7697032   2599.9396955
    1940.000   -8743.0807937   5853.8598945   1346.7714989   2613.4074016
    1950.000   -8801.6540438   5860.7841893   1346.7732671   2626.8751254
    1960.000   -8860.2963595   5867.6730746   1346.7750082   2640.3428668
    1970.000   -8919.0073885   5874.5269106   1346.7767229   2653.8106255
    1980.000   -8977.7867820   5881.3460521   1346.7784117   2667.2784012
    1990.000   -9036.6341950   5888.1308486   1346.7800751   2680.7461936
    2000.000   -9095.5492857   5894.8816441   1346.7817136   2694.2140026
