       0.000     206.4968091      0.0000000      0.0000000    206.4968091
      10.000     206.4871075      3.8254066     10.7872321    206.5253616
      20.000     206.3647425     23.8098443     59.4863245    206.8409394
      30.000     205.9422598     64.3568327    155.0611100    207.8729648
      40.000     205.0035827    126.9136967    291.2611302    210.0801305
      50.000     203.3413636    208.1677149    443.1501159    213.7497493
      60.000     200.7981233    302.0731642    589.2590379    218.9225132
      70.000     197.2770042    402.9008462    719.1675991    225.4800635
      80.000     192.7313886    506.3934232    830.2931740    233.2428624
      90.000     187.1497136    609.7490131    923.8160777    242.0271248
     100.000     180.5426336    711.2612212   1002.2125850    251.6687557
     110.000     172.9339120    809.9619071   1068.1016940    262.0297218
     120.000     164.3544567    905.3536354   1123.8078988    272.9968930
     130.000     154.8385785    997.2292560   1171.2517943    284.4783818
     140.000     144.4217122   1085.5559700   1211.9707062    296.3995480
     150.000     133.1390654   1170.4026226   1247.1799648    308.6994588
     160.000     121.0248447   1251.8947199   1277.8383930    321.3279999
     170.000     108.1118388   1330.1868616   1304.7053268    334.2436053
     180.000      94.4312177   1405.4460119   1328.3863608    347.4114998
     190.000      80.0124637   1477.8414901   1349.3686709    360.8023468
     200.000      64.8833799   1547.5391199   1368.0478200    374.3912039
     210.000      49.0701430   1614.6979512   1384.7479739    388.1567128
     220.000      32.5973806   1679.4685658   1399.7371595    402.0804651
     230.000      15.4882601   1741.9923542   1413.2388371    416.1465015
     240.000      -2.2354183   1802.4013780   1425.4407413    430.3409124
     250.000     -20.5531290   1860.8185794   1436.5016983    444.6515158
     260.000     -39.4455321   1917.3581856   1446.5569316    459.0675961
     270.000     -58.8943883   1972.1262153   1455.7222330    473.5796898
     280.000     -78.8824798   2025.2210283   1464.0972740    488.1794081
     290.000     -99.3935364   2076.7338832   1471.7682585    502.8592897
     300.000    -120.4121673   2126.7494813   1478.8100674    517.6126771
     310.000    -141.9237980   2175.3464851   1485.2880058    532.4336124
     320.000    -163.9146126   2222.5980049   1491.2592383    547.3167489
     330.000    -186.3715004   2268.5720501   1496.7739748    562.2572761
     340.000    -209.2820070   2313.3319464   1501.8764576    577.2508548
     350.000    -232.6342894   2356.9367180   1506.6057880    592.2935619
     360.000    -256.4170749   2399.4414376   1510.9966202    607.3818427
     370.000    -280.6196231   2440.8975463   1515.0797498    622.5124690
     380.000    -305.2316911   2481.3531444   1518.8826117    637.6825038
     390.000    -330.2435014   2520.8532573   1522.4297063    652.8892690
     400.000    -355.6457122   2559.4400773   1525.7429630    668.1303187
     410.000    -381.4293908   2597.1531839   1528.8420533    683.4034146
     420.000    -407.5859877   2634.0297445   1531.7446601    698.7065050
     430.000    -434.1073139   2670.1046977   1534.4667110    714.0377061
     440.000    -460.9855194   2705.4109201   1537.0225800    729.3952854
     450.000    -488.2130733   2739.9793789   1539.4252637    744.7776472
     460.000    -515.7827453   2773.8392712   1541.6865340    760.1833194
     470.000    -543.6875888   2807.0181512   1543.8170724    775.6109422
     480.000    -571.9209252   2839.5420474   1545.8265870    791.0592576
     490.000    -600.4763287   2871.4355690   1547.7239156    806.5271001
     500.000    -629.3476131   2902.7220039   1549.5171164    822.0133889
     510.000    -658.5288188   2933.4234093   1551.2135480    837.5171199
     520.000    -688.0142010   2963.5606937   1552.8199398    853.0373598
     530.000    -717.7982185   2993.1536938   1554.3424551    868.5732392
     540.000    -747.8755235   3022.2212438   1555.7867458    884.1239482
     550.000    -778.2409516   3050.7812406   1557.1580026    899.6887307
     560.000    -808.8895132   3078.8507035   1558.4609984    915.2668807
     570.000    -839.8163847   3106.4458289   1559.7001276    930.8577378
     580.000    -871.0169002   3133.5820416   1560.8794412    946.4606839
     590.000    -902.4865448   3160.2740417   1562.0026780    962.0751398
     600.000    -934.2209471   3186.5358487   1563.0732927    977.7005621
     610.000    -966.2158725   3212.3808417   1564.0944814    993.3364409
     620.000    -998.4672172   3237.8217969   1565.0692039   1008.9822969
     630.000   -1030.9710024   3262.8709233   1566.0002041   1024.6376793
     640.000   -1063.7233686   3287.5398942   1566.8900287   1040.3021637
     650.000   -1096.7205704   3311.8398783   1567.7410437   1055.9753505
     660.000   -1129.9589719   3335.7815674   1568.5554491   1071.6568626
     670.000   -1163.4350416   3359.3752028   1569.3352932   1087.3463443
     680.000   -1197.1453485   3382.6306002   1570.0824841   1103.0434596
     690.000   -1231.0865576   3405.5571719   1570.7988014   1118.7478911
     700.000   -1265.2554260   3428.1639490   1571.4859065   1134.4593383
     710.000   -1299.6487995   3450.4596007   1572.1453511   1150.1775170
     720.000   -1334.2636087   3472.4524537   1572.7785867   1165.9021580
     730.000   -1369.0968660   3494.1505094   1573.3869713   1181.6330059
     740.000   -1404.1456619   3515.5614604   1573.9717769   1197.3698188
     750.000   -1439.4071628   3536.6927062   1574.5341959   1213.1123668
     760.000   -1474.8786075   3557.5513675   1575.0753470   1228.8604318
     770.000   -1510.5573045   3578.1442998   1575.5962802   1244.6138064
     780.000   -1546.4406297   3598.4781065   1576.0979822   1260.3722933
     790.000   -1582.5260241   3618.5591508   1576.5813806   1276.1357050
     800.000   -1618.8109907   3638.3935669   1577.0473482   1291.9038628
     810.000   -1655.2930931   3657.9872712   1577.4967069   1307.6765966
     820.000   -1691.9699528   3677.3459719   1577.9302308   1323.4537442
     830.000   -1728.8392475   3696.4751789   1578.3486501   1339.2351509
     840.000   -1765.8987091   3715.3802123   1578.7526533   1355.0206692
     850.000   -1803.1461217   3734.0662115   1579.1428906   1370.8101581
     860.000   -1840.5793198   3752.5381430   1579.5199762   1386.6034831
     870.000   -1878.1961870   3770.8008077   1579.8844906   1402.4005157
     880.000   -1915.9946539   3788.8588486   1580.2369829   1418.2011329
     890.000   -1953.9726969   3806.7167572   1580.5779726   1434.0052170
     900.000   -1992.1283365   3824.3788801   1580.9079516   1449.8126556
     910.000   -2030.4596359   3841.8494251   1581.2273862   1465.6233409
     920.000   -2068.9647000   3859.1324670   1581.5367182   1481.4371697
     930.000   -2107.6416734   3876.2319531   1581.8363665   1497.2540430
     940.000   -2146.4887399   3893.1517085   1582.1267291   1513.0738661
     950.000   -2185.5041209   3909.8954408   1582.4081833   1528.8965479
     960.000   -2224.6860740   3926.4667450   1582.6810881   1544.7220012
     970.000   -2264.0328926   3942.8691082   1582.9457842   1560.5501423
     980.000   -2303.5429043   3959.1059132   1583.2025959   1576.3808906
     990.000   -2343.2144700   3975.1804434   1583.4518316   1592.2141690
    1000.000   -2383.0459829   3991.0958859   1583.6937848   1608.0499030
    1010.000   -2423.0358677   4006.8553357   1583.9287352   1623.8880213
    1020.000   -2463.1825797   4022.4617989   1584.1569491   1639.7284552
    1030.000   -2503.4846035   4037.9181963   1584.3786803   1655.5711387
    1040.000   -2543.9404529   4053.2273663   1584.5941709   1671.4160081
    1050.000   -2584.5486693   4068.3920680   1584.8036518   1687.2630021
    1060.000   -2625.3078216   4083.4149843   1585.0073434   1703.1120618
    1070.000   -2666.2165051   4098.2987247   1585.2054561   1718.9631304
    1080.000   -2707.2733406   4113.0458274   1585.3981909   1734.8161530
    1090.000   -2748.4769744   4127.6587626   1585.5857399   1750.6710769
    1100.000   -2789.8260767   4142.1399344   1585.7682866   1766.5278511
    1110.000   -2831.3193417   4156.4916831   1585.9460067   1782.3864265
    1120.000   -2872.9554866   4170.7162877   1586.1190681   1798.2467557
    1130.000   -2914.7332510   4184.8159681   1586.2876316   1814.1087929
    1140.000   -2956.6513967   4198.7928865   1586.4518511   1829.9724939
    1150.000   -2998.7087066   4212.6491500   1586.6118739   1845.8378159
    1160.000   -3040.9039844   4226.3868122   1586.7678414   1861.7047178
    1170.000   -3083.2360542   4240.0078751   1586.9198889   1877.5731597
    1180.000   -3125.7037597   4253.5142904   1587.0681461   1893.4431030
    1190.000   -3168.3059642   4266.9079618   1587.2127376   1909.3145104
    1200.000   -3211.0415493   4280.1907460   1587.3537828   1925.1873459
    1210.000   -3253.9094155   4293.3644546   1587.4913963   1941.0615746
    1220.000   -3296.9084808   4306.4308553   1587.6256881   1956.9371628
    1230.000   -3340.0376807   4319.3916734   1587.7567639   1972.8140777
    1240.000   -3383.2959679   4332.2485932   1587.8847253   1988.6922877
    1250.000   -3426.6823117   4345.0032590   1588.0096698   2004.5717621
    1260.000   -3470.1956976   4357.6572769   1588.1316912   2020.4524713
    1270.000   -3513.8351270   4370.2122153   1588.2508796   2036.3343865
    1280.000   -3557.5996167   4382.6696066   1588.3673219   2052.2174797
    1290.000   -3601.4881989   4395.0309481   1588.4811014   2068.1017240
    1300.000   -3645.4999204   4407.2977028   1588.5922986   2083.9870932
    1310.000   -3689.6338425   4419.4713009   1588.7009907   2099.8735617
    1320.000   -3733.8890406   4431.5531405   1588.8072521   2115.7611049
    1330.000   -3778.2646040   4443.5445886   1588.9111547   2131.6496988
    1340.000   -3822.7596355   4455.4469820   1589.0127674   2147.5393203
    1350.000   -3867.3732511   4467.2616281   1589.1121570   2163.4299468
    1360.000   -3912.1045798   4478.9898060   1589.2093875   2179.3215563
    1370.000   -3956.9527632   4490.6327670   1589.3045210   2195.2141275
    1380.000   -4001.9169552   4502.1917356   1589.3976171   2211.1076399
    1390.000   -4046.9963219   4513.6679102   1589.4887334   2227.0020733
    1400.000   -4092.1900413   4525.0624639   1589.5779256   2242.8974082
    1410.000   -4137.4973030   4536.3765451   1589.6652472   2258.7936256
    1420.000   -4182.9173078   4547.6112780   1589.7507501   2274.6907070
    1430.000   -4228.4492677   4558.7677639   1589.8344843   2290.5886347
    1440.000   -4274.0924058   4569.8470811   1589.9164982   2306.4873910
    1450.000   -4319.8459556   4580.8502860   1589.9968384   2322.3869591
    1460.000   -4365.7091613   4591.7784134   1590.0755500   2338.2873223
    1470.000   -4411.6812770   4602.6324774   1590.1526766   2354.1884648
    1480.000   -4457.7615673   4613.4134716   1590.2282605   2370.0903707
    1490.000   -4503.9493061   4624.1223699   1590.3023424   2385.9930250
    1500.000   -4550.2437775   4634.7601268   1590.3749618   2401.8964127
    1510.000   -4596.6442747   4645.3276782   1590.4461567   2417.8005195
    1520.000   -4643.1501001   4655.8259417   1590.5159642   2433.7053312
    1530.000   -4689.7605655   4666.2558169   1590.5844199   2449.6108342
    1540.000   -4736.4749914   4676.6181861   1590.6515585   2465.5170152
    1550.000   -4783.2927071   4686.9139150   1590.7174134   2481.4238611
    1560.000   -4830.2130504   4697.1438524   1590.7820172   2497.3313593
    1570.000   -4877.2353676   4707.3088312   1590.8454012   2513.2394974
    1580.000   -4924.3590133   4717.4096688   1590.9075958   2529.1482634
    1590.000   -4971.5833499   4727.4471669   1590.9686307   2545.0576455
    1600.000   -5018.9077481   4737.4221127   1591.0285343   2560.9676322
    1610.000   -5066.3315862   4747.3352787   1591.0873345   2576.8782125
    1620.000   -5113.8542503   4757.1874232   1591.1450581   2592.7893753
    1630.000   -5161.4751338   4766.9792907   1591.2017311   2608.7011101
    1640.000   -5209.1936376   4776.7116123   1591.2573789   2624.6134065
    1650.000   -5257.0091699   4786.3851056   1591.3120260   2640.5262544
    1660.000   -5304.9211460   4796.0004758   1591.3656962   2656.4396438
    1670.000   -5352.9289880   4805.5584150   1591.4184126   2672.3535651
    1680.000   -5401.0321251   4815.0596036   1591.4701976   2688.2680089
    1690.000   -5449.2299931   4824.5047096   1591.5210730   2704.1829660
    1700.000   -5497.5220345   4833.8943894   1591.5710599   2720.0984274
    1710.000   -5545.9076983   4843.2292881   1591.6201789   2736.0143843
    1720.000   -5594.3864398   4852.5100395   1591.6684499   2751.9308282
    1730.000   -5642.9577207   4861.7372666   1591.7158923   2767.8477506
    1740.000   -5691.6210088   4870.9115817   1591.7625249   2783.7651433
    1750.000   -5740.3757780   4880.0335865   1591.8083660   2799.6829984
    1760.000   -5789.2215081   4889.1038728   1591.8534334   2815.6013081
    1770.000   -5838.1576850   4898.1230223   1591.8977443   2831.5200646
    1780.000   -5887.1838000   4907.0916070   1591.9413156   2847.4392605
    1790.000   -5936.2993504   4916.0101893   1591.9841637   2863.3588885
    1800.000   -5985.5038390   4924.8793224   1592.0263043   2879.2789414
    1810.000   -6034.7967739   4933.6995503   1592.0677530   2895.1994123
    1820.000   -6084.1776687   4942.4714082   1592.1085248   2911.1202942
    1830.000   -6133.6460425   4951.1954225   1592.1486343   2927.0415806
    1840.000   -6183.2014194   4959.8721110   1592.1880959   2942.9632647
    1850.000   -6232.8433287   4968.5019833   1592.2269232   2958.8853404
    1860.000   -6282.5713047   4977.0855408   1592.2651300   2974.8078011
    1870.000   -6332.3848868   4985.6232769   1592.3027292   2990.7306409
    1880.000   -6382.2836191   4994.1156771   1592.3397337   3006.6538537
    1890.000   -6432.2670508   5002.5632193   1592.3761559   3022.5774337
    1900.000   -6482.3347356   5010.9663740   1592.4120080   3038.5013750
    1910.000   -6532.4862319   5019.3256041   1592.4473018   3054.4256720
    1920.000   -6582.7211027   5027.6413656   1592.4820488   3070.3503192
    1930.000   -6633.0389158   5035.9141072   1592.5162602   3086.2753112
    1940.000   -6683.4392430   5044.1442709   1592.5499469   3102.2006426
    1950.000   -6733.9216607   5052.3322918   1592.5831197   3118.1263084
    1960.000   -6784.4857498   5060.4785985   1592.6157889   3134.0523033
    1970.000   -6835.1310951   5068.5836130   1592.6479646   3149.9786225
    1980.000   -6885.8572858   5076.6477509   1592.6796568   3165.9052610
    1990.000   -6936.6639152   5084.6714217   1592.7108750   3181.8322141
    2000.000   -6987.5505807   5092.6550288   1592.7416286   3197.7594770
