       0.000     195.4343821      0.0000000      0.0000000    195.4343821
      10.000     195.4126875      5.8733637     10.0544901    195.4714211
      20.000     195.2812443     23.1938820     53.0528537    195.7451220
      30.000     194.8790473     61.1469298    149.4027292    196.7134552
      40.000     193.9799783    122.3586398    287.4713915    198.8743239
      50.000     192.3674890    202.8065876    439.3422110    202.5078184
      60.000     189.8819109    295.8673437    583.4741407    207.6339515
      70.000     186.4281863    395.5741765    710.1796186    214.1183787
      80.000     181.9628052    497.6191570    817.4313133    221.7723377
      90.000     176.4774173    599.2166489    906.6895375    230.4069157
     100.000     169.9856260    698.6921852    980.5633701    239.8548445
     110.000     162.5138157    795.1103744   1041.7583524    249.9759569
     120.000     154.0951944    888.0052081   1092.6819243    260.6558194
     130.000     144.7660631    977.2002232   1135.3415321    271.8020921
     140.000     134.5635419   1062.6928977   1171.3593489    283.3405476
     150.000     123.5242241   1144.5816487   1202.0258544    295.2114714
     160.000     111.6834124   1223.0202225   1228.3601861    307.3666480
     170.000      99.0747184   1298.1894779   1251.1652426    319.7669297
     180.000      85.7298847   1370.2801582   1271.0739962    332.3803132
     190.000      71.6787420   1439.4825931   1288.5868661    345.1804347
     200.000      56.9492460   1505.9807580   1304.1012147    358.1453976
     210.000      41.5675584   1569.9490633   1317.9343339    371.2568617
     220.000      25.5581518   1631.5508348   1330.3412257    384.4993355
     230.000       8.9439231   1690.9378319   1341.5283031    397.8596244
     240.000      -8.2536912   1748.2503801   1351.6639290    411.3264000
     250.000     -26.0146021   1803.6178571   1360.8865250    424.8898622
     260.000     -44.3199628   1857.1593632   1369.3108178    438.5414716
     270.000     -63.1520690   1908.9844731   1377.0326646    452.2737387
     280.000     -82.4942679   1959.1940063   1384.1327930    466.0800539
     290.000    -102.3308741   2007.8807783   1390.6797117    479.9545516
     300.000    -122.6470934   2055.1303120   1396.7319885    493.8920002
     310.000    -143.4289532   2101.0214986   1402.3400407    507.8877114
     320.000    -164.6632391   2145.6272048   1407.5475534    521.9374665
     330.000    -186.3374375   2189.0148252   1412.3926081    536.0374548
     340.000    -208.4396839   2231.2467824   1416.9085882    550.1842222
     350.000    -230.9587144   2272.3809786   1421.1249101    564.3746281
     360.000    -253.8838239   2312.4712016   1425.0676175    578.6058086
     370.000    -277.2048257   2351.5674907   1428.7598683    592.8751458
     380.000    -300.9120164   2389.7164650   1432.2223360    607.1802403
     390.000    -324.9961426   2426.9616184   1435.4735432    621.5188886
     400.000    -349.4483717   2463.3435860   1438.5301405    635.8890627
     410.000    -374.2602640   2498.9003827   1441.4071412    650.2888929
     420.000    -399.4237478   2533.6676190   1444.1181198    664.7166522
     430.000    -424.9310961   2567.6786956   1446.6753814    679.1707430
     440.000    -450.7749059   2600.9649790   1449.0901069    693.6496848
     450.000    -476.9480782   2633.5559606   1451.3724779    708.1521041
     460.000    -503.4438002   2665.4794010   1453.5317846    722.6767243
     470.000    -530.2555285   2696.7614604   1455.5765202    737.2223579
     480.000    -557.3769739   2727.4268180   1457.5144629    751.7878988
     490.000    -584.8020870   2757.4987796   1459.3527477    766.3723150
     500.000    -612.5250450   2786.9993769   1461.0979303    780.9746434
     510.000    -640.5402396   2815.9494570   1462.7560423    795.5939835
     520.000    -668.8422651   2844.3687648   1464.3326418    810.2294926
     530.000    -697.4259081   2872.2760186   1465.8328565    824.8803817
     540.000    -726.2861379   2899.6889793   1467.2614236    839.5459110
     550.000    -755.4180964   2926.6245135   1468.6227245    854.2253860
     560.000    -784.8170902   2953.0986519   1469.9208165    868.9181548
     570.000    -814.4785824   2979.1266431   1471.1594609    883.6236042
     580.000    -844.3981844   3004.7230033   1472.3421480    898.3411575
     590.000    -874.5716498   3029.9015616   1473.4721206    913.0702715
     600.000    -904.9948670   3054.6755021   1474.5523941    927.8104343
     610.000    -935.6638531   3079.0574036   1475.5857750    942.5611631
     620.000    -966.5747484   3103.0592751   1476.5748786    957.3220022
     630.000    -997.7238102   3126.6925895   1477.5221434    972.0925212
     640.000   -1029.1074082   3149.9683148   1478.4298454    986.8723132
     650.000   -1060.7220195   3172.8969429   1479.3001108   1001.6609934
     660.000   -1092.5642236   3195.4885165   1480.1349276   1016.4581973
     670.000   -1124.6306984   3217.7526543   1480.9361557   1031.2635800
     680.000   -1156.9182160   3239.6985740   1481.7055369   1046.0768143
     690.000   -1189.4236387   3261.3351140   1482.4447037   1060.8975900
     700.000   -1222.1439153   3282.6707544   1483.1551868   1075.7256127
     710.000   -1255.0760780   3303.7136350   1483.8384232   1090.5606029
     720.000   -1288.2172383   3324.4715738   1484.4957625   1105.4022949
     730.000   -1321.5645847   3344.9520833   1485.1284730   1120.2504361
     740.000   -1355.1153793   3365.1623858   1485.7377478   1135.1047862
     750.000   -1388.8669549   3385.1094288   1486.3247096   1149.9651167
     760.000   -1422.8167126   3404.7998977   1486.8904161   1164.8312096
     770.000   -1456.9621191   3424.2402293   1487.4358637   1179.7028575
     780.000   -1491.3007041   3443.4366238   1487.9619921   1194.5798625
     790.000   -1525.8300584   3462.3950560   1488.4696882   1209.4620359
     800.000   -1560.5478313   3481.1212861   1488.9597892   1224.3491976
     810.000   -1595.4517286   3499.6208695   1489.4330860   1239.2411756
     820.000   -1630.5395111   3517.8991669   1489.8903262   1254.1378058
     830.000   -1665.8089916   3535.9613526   1490.3322169   1269.0389310
     840.000   -1701.2580344   3553.8124233   1490.7594274   1283.9444012
     850.000   -1736.8845525   3571.4572061   1491.1725912   1298.8540727
     860.000   -1772.6865065   3588.9003659   1491.5723087   1313.7678082
     870.000   -1808.6619028   3606.1464124   1491.9591489   1328.6854760
     880.000   -1844.8087922   3623.1997071   1492.3336512   1343.6069501
     890.000   -1881.1252685   3640.0644698   1492.6963278   1358.5321096
     900.000   -1917.6094668   3656.7447840   1493.0476648   1373.4608388
     910.000   -1954.2595625   3673.2446035   1493.3881237   1388.3930266
     920.000   -1991.0737700   3689.5677571   1493.7181433   1403.3285665
     930.000   -2028.0503412   3705.7179541   1494.0381407   1418.2673561
     940.000   -2065.1875646   3721.6987891   1494.3485125   1433.2092972
     950.000   -2102.4837640   3737.5137469   1494.6496364   1448.1542955
     960.000   -2139.9372978   3753.1662064   1494.9418717   1463.1022603
     970.000   -2177.5465574   3768.6594453   1495.2255606   1478.0531045
     980.000   -2215.3099666   3783.9966436   1495.5010294   1493.0067441
     990.000   -2253.2259805   3799.1808881   1495.7685891   1507.9630987
    1000.000   -2291.2930845   3814.2151751   1496.0285361   1522.9220905
    1010.000   -2329.5097938   3829.1024147   1496.2811533   1537.8836450
    1020.000   -2367.8746521   3843.8454335   1496.5267109   1552.8476901
    1030.000   -2406.3862309   3858.4469781   1496.7654665   1567.8141565
    1040.000   -2445.0431290   3872.9097178   1496.9976666   1582.7829776
    1050.000   -2483.8439713   3887.2362477   1497.2235465   1597.7540888
    1060.000   -2522.7874083   3901.4290910   1497.4433312   1612.7274282
    1070.000   -2561.8721157   3915.4907023   1497.6572358   1627.7029358
    1080.000   -2601.0967929   3929.4234693   1497.8654663   1642.6805540
    1090.000   -2640.4601633   3943.2297158   1498.0682195   1657.6602269
    1100.000   -2679.9609730   3956.9117034   1498.2656842   1672.6419007
    1110.000   -2719.5979905   3970.4716343   1498.4580409   1687.6255235
    1120.000   -2759.3700060   3983.9116528   1498.6454628   1702.6110451
    1130.000   -2799.2758308   3997.2338476   1498.8281156   1717.5984169
    1140.000   -2839.3142970   4010.4402536   1499.0061585   1732.5875921
    1150.000   -2879.4842566   4023.5328537   1499.1797438   1747.5785252
    1160.000   -2919.7845812   4036.5135808   1499.3490178   1762.5711726
    1170.000   -2960.2141616   4049.3843190   1499.5141211   1777.5654917
    1180.000   -3000.7719071   4062.1469056   1499.6751882   1792.5614415
    1190.000   -3041.4567451   4074.8031324   1499.8323487   1807.5589824
    1200.000   -3082.2676210   4087.3547474   1499.9857269   1822.5580759
    1210.000   -3123.2034971   4099.8034561   1500.1354421   1837.5586847
    1220.000   -3164.2633527   4112.1509226   1500.2816093   1852.5607729
    1230.000   -3205.4461835   4124.3987715   1500.4243387   1867.5643055
    1240.000   -3246.7510013   4136.5485886   1500.5637365   1882.5692486
    1250.000   -3288.1768336   4148.6019225   1500.6999049   1897.5755694
    1260.000   -3329.7227232   4160.5602853   1500.8329420   1912.5832362
    1270.000   -3371.3877277   4172.4251542   1500.9629425   1927.5922182
    1280.000   -3413.1709195   4184.1979724   1501.0899974   1942.6024853
    1290.000   -3455.0713850   4195.8801501   1501.2141945   1957.6140086
    1300.000   -3497.0882249   4207.4730653   1501.3356181   1972.6267599
    1310.000   -3539.2205533   4218.9780651   1501.4543497   1987.6407120
    1320.000   -3581.4674976   4230.3964665   1501.5704678   2002.6558382
    1330.000   -3623.8281982   4241.7295572   1501.6840479   2017.6721129
    1340.000   -3666.3018085   4252.9785966   1501.7951631   2032.6895109
    1350.000   -3708.8874941   4264.1448165   1501.9038837   2047.7080081
    1360.000   -3751.5844328   4275.2294218   1502.0102775   2062.7275809
    1370.000   -3794.3918144   4286.2335917   1502.1144100   2077.7482062
    1380.000   -3837.3088404   4297.1584798   1502.2163446   2092.7698617
    1390.000   -3880.3347235   4308.0052154   1502.3161422   2107.7925259
    1400.000   -3923.4686879   4318.7749039   1502.4138618   2122.8161777
    1410.000   -3966.7099684   4329.4686275   1502.5095603   2137.8407964
    1420.000   -4010.0578107   4340.0874458   1502.6032928   2152.8663623
    1430.000   -4053.5114711   4350.6323965   1502.6951125   2167.8928559
    1440.000   -4097.0702158   4361.1044960   1502.7850707   2182.9202583
    1450.000   -4140.7333215   4371.5047398   1502.8732171   2197.9485513
    1460.000   -4184.5000744   4381.8341036   1502.9595998   2212.9777168
    1470.000   -4228.3697705   4392.0935429   1503.0442653   2228.0077375
    1480.000   -4272.3417153   4402.2839945   1503.1272585   2243.0385965
    1490.000   -4316.4152235   4412.4063764   1503.2086230   2258.0702773
    1500.000   -4360.5896189   4422.4615884   1503.2884008   2273.1027637
    1510.000   -4404.8642343   4432.4505129   1503.3666328   2288.1360402
    1520.000   -4449.2384111   4442.3740148   1503.4433584   2303.1700913
    1530.000   -4493.7114993   4452.2329423   1503.5186158   2318.2049024
    1540.000   -4538.2828575   4462.0281275   1503.5924422   2333.2404589
    1550.000   -4582.9518521   4471.7603863   1503.6648732   2348.2767466
    1560.000   -4627.7178581   4481.4305192   1503.7359438   2363.3137518
    1570.000   -4672.5802580   4491.0393115   1503.8056876   2378.3514611
    1580.000   -4717.5384424   4500.5875340   1503.8741373   2393.3898613
    1590.000   -4762.5918094   4510.0759427   1503.9413245   2408.4289396
    1600.000   -4807.7397644   4519.5052800   1504.0072800   2423.4686836
    1610.000   -4852.9817205   4528.8762743   1504.0720336   2438.5090812
    1620.000   -4898.3170978   4538.1896409   1504.1356140   2453.5501204
    1630.000   -4943.7453235   4547.4460817   1504.1980494   2468.5917897
    1640.000   -4989.2658320   4556.6462864   1504.2593670   2483.6340777
    1650.000   -5034.8780641   4565.7909318   1504.3195932   2498.6769734
    1660.000   -5080.5814676   4574.8806829   1504.3787537   2513.7204660
    1670.000   -5126.3754969   4583.9161928   1504.4368732   2528.7645450
    1680.000   -5172.2596128   4592.8981029   1504.4939760   2543.8092001
    1690.000   -5218.2332824   4601.8270436   1504.5500856   2558.8544212
    1700.000   -5264.2959792   4610.7036340   1504.6052247   2573.9001985
    1710.000   -5310.4471826   4619.5284825   1504.6594156   2588.9465225
    1720.000   -5356.6863784   4628.3021873   1504.7126797   2603.9933838
    1730.000   -5403.0130579   4637.0253358   1504.7650380   2619.0407731
    1740.000   -5449.4267185   4645.6985058   1504.8165108   2634.0886816
    1750.000   -5495.9268633   4654.3222650   1504.8671180   2649.1371004
    1760.000   -5542.5130009   4662.8971716   1504.9168786   2664.1860211
    1770.000   -5589.1846457   4671.4237745   1504.9658115   2679.2354352
    1780.000   -5635.9413172   4679.9026134   1505.0139348   2694.2853346
    1790.000   -5682.7825405   4688.3342189   1505.0612662   2709.3357113
    1800.000   -5729.7078459   4696.7191129   1505.1078229   2724.3865574
    1810.000   -5776.7167688   4705.0578088   1505.1536218   2739.4378652
    1820.000   -5823.8088498   4713.3508116   1505.1986790   2754.4896273
    1830.000   -5870.9836344   4721.5986179   1505.2430104   2769.5418364
    1840.000   -5918.2406731   4729.8017164   1505.2866315   2784.5944852
    1850.000   -5965.5795213   4737.9605881   1505.3295574   2799.6475667
    1860.000   -6012.9997390   4746.0757059   1505.3718027   2814.7010741
    1870.000   -6060.5008911   4754.1475356   1505.4133815   2829.7550005
    1880.000   -6108.0825469   4762.1765354   1505.4543080   2844.8093395
    1890.000   -6155.7442805   4770.1631561   1505.4945955   2859.8640846
    1900.000   -6203.4856703   4778.1078419   1505.5342572   2874.9192293
    1910.000   -6251.3062990   4786.0110297   1505.5733061   2889.9747677
    1920.000   -6299.2057540   4793.8731497   1505.6117546   2905.0306935
    1930.000   -6347.1836266   4801.6946256   1505.6496149   2920.0870008
    1940.000   -6395.2395124   4809.4758744   1505.6868989   2935.1436838
    1950.000   -6443.3730113   4817.2173068   1505.7236183   2950.2007369
    1960.000   -6491.5837272   4824.9193273   1505.7597843   2965.2581544
    1970.000   -6539.8712678   4832.5823343   1505.7954080   2980.3159308
    1980.000   -6588.2352451   4840.2067201   1505.8305001   2995.3740607
    1990.000   -6636.6752748   4847.7928713   1505.8650711   3010.4325390
    2000.000   -6685.1909764   4855.3411684   1505.8991312   3025.4913605
