       0.000     176.1909098      0.0000000      0.0000000    176.1909098
      10.000     176.1830152      2.4896677      5.6650044    176.2079119
      20.000     176.1094404     14.8306989     42.6527996    176.4060544
      30.000     175.8123624     49.1494354    145.4914908    177.2868455
      40.000     175.0297242    112.0907659    306.5403965    179.5133548
      50.000     173.4869651    199.9695378    488.3623600    183.4854419
      60.000     170.9746259    304.5931450    661.6512721    189.2502146
      70.000     167.3651189    418.2872960    813.3083767    196.6452296
      80.000     162.5974867    535.4664156    940.6344004    205.4348000
      90.000     156.6563682    652.5201024   1045.5801664    215.3831774
     100.000     149.5548229    767.2836155   1131.5590037    226.2831844
     110.000     141.3224229    878.5486103   1202.0456337    237.9627700
     120.000     131.9975727    985.7089171   1260.0772909    250.2826428
     130.000     121.6227446   1088.5262946   1308.1460977    263.1311629
     140.000     110.2416006   1186.9816090   1348.2391953    276.4190259
     150.000      97.8973026   1281.1820895   1381.9218896    290.0746160
     160.000      84.6315572   1371.3041438   1410.4228386    304.0402202
     170.000      70.4841137   1457.5583983   1434.7076434    318.2690415
     180.000      55.4925363   1540.1685550   1455.5381509    332.7228761
     190.000      39.6921415   1619.3588244   1473.5187183    347.3703181
     200.000      23.1160333   1695.3466798   1489.1317634    362.1853692
     210.000       5.7951919   1768.3389048   1502.7649161    377.1463619
     220.000     -12.2414081   1838.5296712   1514.7317384    392.2351195
     230.000     -30.9666677   1906.0998529   1525.2875707    407.4362985
     240.000     -50.3552301   1971.2170808   1534.6416988    422.7368693
     250.000     -70.3833504   2034.0362232   1542.9667435    438.1257054
     260.000     -91.0287716   2094.7000984   1550.4059489    453.5932540
     270.000    -112.2706079   2153.3402968   1557.0788726    469.1312722
     280.000    -134.0892370   2210.0780372   1563.0858566    484.7326134
     290.000    -156.4662004   2265.0250124   1568.5115612    500.3910532
     300.000    -179.3841122   2318.2841990   1573.4277757    516.1011475
     310.000    -202.8265760   2369.9506169   1577.8956674    531.8581153
     320.000    -226.7781086   2420.1120324   1581.9675905    547.6577417
     330.000    -251.2240711   2468.8496031   1585.6885509    563.4962979
     340.000    -276.1506056   2516.2384663   1589.0973969    579.3704730
     350.000    -301.5445775   2562.3482733   1592.2277942    595.2773181
     360.000    -327.3935235   2607.2436729   1595.1090262    611.2141987
     370.000    -353.6856037   2650.9847496   1597.7666553    627.1787537
     380.000    -380.4095576   2693.6274184   1600.2230724    643.1688614
     390.000    -407.5546648   2735.2237821   1602.4979533    659.1826103
     400.000    -435.1107079   2775.8224533   1604.6086425    675.2182734
     410.000    -463.0679399   2815.4688463   1606.5704740    691.2742871
     420.000    -491.4170525   2854.2054397   1608.3970437    707.3492322
     430.000    -520.1491489   2892.0720150   1610.1004383    723.4418175
     440.000    -549.2557173   2929.1058721   1611.6914316    739.5508664
     450.000    -578.7286076   2965.3420250   1613.1796506    755.6753037
     460.000    -608.5600087   3000.8133791   1614.5737183    771.8141457
     470.000    -638.7424292   3035.5508922   1615.8813762    787.9664901
     480.000    -669.2686778   3069.5837213   1617.1095897    804.1315084
     490.000    -700.1318465   3102.9393563   1618.2646394    820.3084381
     500.000    -731.3252943   3135.6437412   1619.3521997    836.4965763
     510.000    -762.8426323   3167.7213856   1620.3774076    852.6952743
     520.000    -794.6777102   3199.1954662   1621.3449223    868.9039322
     530.000    -826.8246030   3230.0879200   1622.2589775    885.1219946
     540.000    -859.2775993   3260.4195291   1623.1234267    901.3489464
     550.000    -892.0311899   3290.2099990   1623.9417838    917.5843095
     560.000    -925.0800579   3319.4780305   1624.7172578    933.8276392
     570.000    -958.4190684   3348.2413858   1625.4527840    950.0785216
     580.000    -992.0432597   3376.5169490   1626.1510519    966.3365707
     590.000   -1025.9478350   3404.3207824   1626.8145287    982.6014266
     600.000   -1060.1281540   3431.6681782   1627.4454815    998.8727529
     610.000   -1094.5797257   3458.5737059   1628.0459962   1015.1502348
     620.000   -1129.2982016   3485.0512571   1628.6179944   1031.4335778
     630.000   -1164.2793685   3511.1140859   1629.1632491   1047.7225056
     640.000   -1199.5191431   3536.7748473   1629.6833976   1064.0167591
     650.000   -1235.0135656   3562.0456316   1630.1799543   1080.3160949
     660.000   -1270.7587944   3586.9379980   1630.6543215   1096.6202842
     670.000   -1306.7511011   3611.4630042   1631.1077987   1112.9291117
     680.000   -1342.9868653   3635.6312352   1631.5415923   1129.2423746
     690.000   -1379.4625704   3659.4528291   1631.9568226   1145.5598817
     700.000   -1416.1747989   3682.9375022   1632.3545319   1161.8814527
     710.000   -1453.1202285   3706.0945713   1632.7356902   1178.2069172
     720.000   -1490.2956281   3728.9329756   1633.1012015   1194.5361143
     730.000   -1527.6978544   3751.4612963   1633.4519091   1210.8688919
     740.000   -1565.3238480   3773.6877753   1633.7886003   1227.2051058
     750.000   -1603.1706302   3795.6203331   1634.1120109   1243.5446196
     760.000   -1641.2353003   3817.2665846   1634.4228290   1259.8873040
     770.000   -1679.5150320   3838.6338550   1634.7216988   1276.2330364
     780.000   -1718.0070710   3859.7291938   1635.0092241   1292.5817002
     790.000   -1756.7087321   3880.5593886   1635.2859709   1308.9331849
     800.000   -1795.6173968   3901.1309778   1635.5524704   1325.2873855
     810.000   -1834.7305107   3921.4502623   1635.8092216   1341.6442018
     820.000   -1874.0455813   3941.5233174   1636.0566934   1358.0035390
     830.000   -1913.5601758   3961.3560025   1636.2953272   1374.3653062
     840.000   -1953.2719190   3980.9539719   1636.5255381   1390.7294174
     850.000   -1993.1784911   4000.3226839   1636.7477174   1407.0957902
     860.000   -2033.2776260   4019.4674096   1636.9622339   1423.4643462
     870.000   -2073.5671096   4038.3932416   1637.1694355   1439.8350105
     880.000   -2114.0447776   4057.1051015   1637.3696507   1456.2077117
     890.000   -2154.7085143   4075.6077479   1637.5631895   1472.5823813
     900.000   -2195.5562506   4093.9057831   1637.7503453   1488.9589542
     910.000   -2236.5859628   4112.0036600   1637.9313953   1505.3373679
     920.000   -2277.7956710   4129.9056887   1638.1066019   1521.7175626
     930.000   -2319.1834376   4147.6160418   1638.2762136   1538.0994812
     940.000   -2360.7473664   4165.1387610   1638.4404659   1554.4830690
     950.000   -2402.4856005   4182.4777620   1638.5995820   1570.8682734
     960.000   -2444.3963219   4199.6368397   1638.7537735   1587.2550442
     970.000   -2486.4777498   4216.6196732   1638.9032414   1603.6433332
     980.000   -2528.7281398   4233.4298303   1639.0481764   1620.0330940
     990.000   -2571.1457824   4250.0707723   1639.1887599   1636.4242822
    1000.000   -2613.7290024   4266.5458576   1639.3251642   1652.8168552
    1010.000   -2656.4761576   4282.8583462   1639.4575530   1669.2107721
    1020.000   -2699.3856379   4299.0114032   1639.5860823   1685.6059934
    1030.000   -2742.4558644   4315.0081027   1639.7109006   1702.0024814
    1040.000   -2785.6852887   4330.8514310   1639.8321492   1718.4001995
    1050.000   -2829.0723915   4346.5442899   1639.9499629   1734.7991129
    1060.000   -2872.6156823   4362.0895001   1640.0644700   1751.1991878
    1070.000   -2916.3136985   4377.4898039   1640.1757930   1767.6003917
    1080.000   -2960.1650043   4392.7478682   1640.2840488   1784.0026934
    1090.000   -3004.1681904   4407.8662873   1640.3893489   1800.4060628
    1100.000   -3048.3218730   4422.8475853   1640.4918000   1816.8104709
    1110.000   -3092.6246932   4437.6942188   1640.5915037   1833.2158897
    1120.000   -3137.0753164   4452.4085791   1640.6885574   1849.6222921
    1130.000   -3181.6724316   4466.9929946   1640.7830540   1866.0296523
    1140.000   -3226.4147508   4481.4497331   1640.8750826   1882.4379450
    1150.000   -3271.3010081   4495.7810035   1640.9647282   1898.8471460
    1160.000   -3316.3299598   4509.9889583   1641.0520725   1915.2572319
    1170.000   -3361.5003832   4524.0756951   1641.1371933   1931.6681800
    1180.000   -3406.8110764   4538.0432585   1641.2201656   1948.0799686
    1190.000   -3452.2608578   4551.8936422   1641.3010609   1964.4925764
    1200.000   -3497.8485652   4565.6287902   1641.3799480   1980.9059831
    1210.000   -3543.5730558   4579.2505989   1641.4568927   1997.3201689
    1220.000   -3589.4332055   4592.7609182   1641.5319583   2013.7351147
    1230.000   -3635.4279085   4606.1615533   1641.6052053   2030.1508020
    1240.000   -3681.5560769   4619.4542660   1641.6766921   2046.5672129
    1250.000   -3727.8166399   4632.6407760   1641.7464746   2062.9843302
    1260.000   -3774.2085440   4645.7227626   1641.8146064   2079.4021369
    1270.000   -3820.7307522   4658.7018655   1641.8811392   2095.8206170
    1280.000   -3867.3822437   4671.5796861   1641.9461226   2112.2397545
    1290.000   -3914.1620135   4684.3577891   1642.0096043   2128.6595344
    1300.000   -3961.0690722   4697.0377030   1642.0716302   2145.0799418
    1310.000   -4008.1024453   4709.6209218   1642.1322444   2161.5009623
    1320.000   -4055.2611732   4722.1089055   1642.1914895   2177.9225821
    1330.000   -4102.5443107   4734.5030815   1642.2494064   2194.3447877
    1340.000   -4149.9509267   4746.8048453   1642.3060343   2210.7675659
    1350.000   -4197.4801041   4759.0155617   1642.3614114   2227.1909042
    1360.000   -4245.1309389   4771.1365655   1642.4155741   2243.6147901
    1370.000   -4292.9025407   4783.1691624   1642.4685576   2260.0392117
    1380.000   -4340.7940318   4795.1146299   1642.5203959   2276.4641575
    1390.000   -4388.8045471   4806.9742180   1642.5711218   2292.8896160
    1400.000   -4436.9332339   4818.7491502   1642.6207669   2309.3155763
    1410.000   -4485.1792519   4830.4406239   1642.6693616   2325.7420278
    1420.000   -4533.5417721   4842.0498114   1642.7169353   2342.1689601
    1430.000   -4582.0199776   4853.5778607   1642.7635165   2358.5963632
    1440.000   -4630.6130626   4865.0258957   1642.8091325   2375.0242272
    1450.000   -4679.3202325   4876.3950174   1642.8538098   2391.4525427
    1460.000   -4728.1407035   4887.6863040   1642.8975740   2407.8813004
    1470.000   -4777.0737027   4898.9008122   1642.9404497   2424.3104912
    1480.000   -4826.1184673   4910.0395769   1642.9824609   2440.7401065
    1490.000   -4875.2742451   4921.1036126   1643.0236306   2457.1701376
    1500.000   -4924.5402938   4932.0939134   1643.0639812   2473.6005764
    1510.000   -4973.9158808   4943.0114539   1643.1035342   2490.0314146
    1520.000   -5023.4002835   4953.8571895   1643.1423104   2506.4626445
    1530.000   -5072.9927884   4964.6320567   1643.1803302   2522.8942583
    1540.000   -5122.6926915   4975.3369741   1643.2176130   2539.3262486
    1550.000   -5172.4992977   4985.9728425   1643.2541777   2555.7586082
    1560.000   -5222.4119211   4996.5405455   1643.2900427   2572.1913298
    1570.000   -5272.4298843   5007.0409497   1643.3252257   2588.6244067
    1580.000   -5322.5525186   5017.4749055   1643.3597439   2605.0578321
    1590.000   -5372.7791637   5027.8432473   1643.3936139   2621.4915995
    1600.000   -5423.1091676   5038.1467937   1643.4268518   2637.9257023
    1610.000   -5473.5418863   5048.3863483   1643.4594732   2654.3601344
    1620.000   -5524.0766839   5058.5626998   1643.4914934   2670.7948898
    1630.000   -5574.7129322   5068.6766224   1643.5229270   2687.2299624
    1640.000   -5625.4500107   5078.7288763   1643.5537881   2703.6653464
    1650.000   -5676.2873066   5088.7202078   1643.5840907   2720.1010363
    1660.000   -5727.2242143   5098.6513498   1643.6138482   2736.5370264
    1670.000   -5778.2601354   5108.5230221   1643.6430734   2752.9733114
    1680.000   -5829.3944788   5118.3359315   1643.6717791   2769.4098861
    1690.000   -5880.6266605   5128.0907727   1643.6999774   2785.8467453
    1700.000   -5931.9561030   5137.7882277   1643.7276803   2802.2838840
    1710.000   -5983.3822360   5147.4289668   1643.7548992   2818.7212973
    1720.000   -6034.9044955   5157.0136488   1643.7816455   2835.1589804
    1730.000   -6086.5223242   5166.5429208   1643.8079299   2851.5969287
    1740.000   -6138.2351713   5176.0174189   1643.8337630   2868.0351375
    1750.000   -6190.0424921   5185.4377683   1643.8591551   2884.4736025
    1760.000   -6241.9437482   5194.8045838   1643.8841163   2900.9123192
    1770.000   -6293.9384074   5204.1184694   1643.9086560   2917.3512834
    1780.000   -6346.0259432   5213.3800192   1643.9327839   2933.7904909
    1790.000   -6398.2058352   5222.5898173   1643.9565091   2950.2299377
    1800.000   -6450.4775689   5231.7484382   1643.9798404   2966.6696198
    1810.000   -6502.8406353   5240.8564467   1644.0027866   2983.1095333
    1820.000   -6555.2945310   5249.9143985   1644.0253561   2999.5496743
    1830.000   -6607.8387582   5258.9228401   1644.0475570   3015.9900392
    1840.000   -6660.4728246   5267.8823091   1644.0693973   3032.4306242
    1850.000   -6713.1962429   5276.7933345   1644.0908849   3048.8714259
    1860.000   -6766.0085315   5285.6564367   1644.1120273   3065.3124408
    1870.000   -6818.9092136   5294.4721278   1644.1328317   3081.7536653
    1880.000   -6871.8978177   5303.2409117   1644.1533055   3098.1950963
    1890.000   -6924.9738772   5311.9632844   1644.1734554   3114.6367304
    1900.000   -6978.1369303   5320.6397341   1644.1932885   3131.0785644
    1910.000   -7031.3865204   5329.2707411   1644.2128112   3147.5205951
    1920.000   -7084.7221953   5337.8567786   1644.2320299   3163.9628196
    1930.000   -7138.1435076   5346.3983121   1644.2509511   3180.4052347
    1940.000   -7191.6500147   5354.8958002   1644.2695807   3196.8478376
    1950.000   -7245.2412783   5363.3496942   1644.2879247   3213.2906254
    1960.000   -7298.9168647   5371.7604387   1644.3059890   3229.7335952
    1970.000   -7352.6763447   5380.1284715   1644.3237792   3246.1767442
    1980.000   -7406.5192932   5388.4542238   1644.3413007   3262.6200699
    1990.000   -7460.4452897   5396.7381201   1644.3585591   3279.0635694
    2000.000   -7514.4539175   5404.9805789   1644.3755595   3295.5072402
