       0.000      57.3771308      0.0000000      0.0000000     57.3771308
      10.000      57.3757947      0.4321937      1.0019799     57.3801166
      20.000      57.3629890      2.5654422      7.2628912     57.4142979
      30.000      57.3120981      8.3854683     24.6927709     57.5636621
      40.000      57.1787315     19.0983719     52.2744166     57.9426664
      50.000      56.9157709     34.0937646     83.3310195     58.6204591
      60.000      56.4874064     51.9302897    112.6761585     59.6032237
      70.000      55.8722182     71.2646397    138.1092358     60.8607430
      80.000      55.0603698     91.1340407    159.2713694     62.3510930
      90.000      54.0498178    110.9276614    176.5805399     64.0333073
     100.000      52.8432821    130.2869739    190.6713076     65.8719795
     110.000      51.4461862    149.0172132    202.1626726     67.8380796
     120.000      49.8653529    167.0248953    211.5827901     69.9083403
     130.000      48.1082096    184.2773284    219.3579305     72.0642623
     140.000      46.1823166    200.7773321    225.8238537     74.2911431
     150.000      44.0950961    216.5477258    231.2425451     76.5772550
     160.000      41.8536833    231.6219071    235.8180941     78.9131884
     170.000      39.4648511    246.0381787    239.7099094     81.2913415
     180.000      36.9349799    259.8363755    243.0431231     83.7055275
     190.000      34.2700524    273.0559017    245.9165779     86.1506737
     200.000      31.4756643    285.7346301    248.4088891     88.6225903
     210.000      28.5570429    297.9083301    250.5830310     91.1177922
     220.000      25.5190695    309.6104150    252.4898100     93.6333608
     230.000      22.3663031    320.8718807    254.1705039     96.1668356
     240.000      19.1030049    331.7213564    255.6588776     98.7161304
     250.000      15.7331611    342.1852169    256.9827316    101.2794653
     260.000      12.2605048    352.2877270    258.1650997    103.8553139
     270.000       8.6885365    362.0511983    259.2251802    106.4423600
     280.000       5.0205424    371.4961476    260.1790660    109.0394638
     290.000       1.2596122    380.6414504    261.0403202    111.6456328
     300.000      -2.5913458    389.5044857    261.8204323    114.2599999
     310.000      -6.5295902    398.1012706    262.5291834    116.8818037
     320.000     -10.5525331    406.4465838    263.1749383    119.5103737
     330.000     -14.6577292    414.5540782    263.7648827    122.1451166
     340.000     -18.8428642    422.4363830    264.3052148    124.7855061
     350.000     -23.1057453    430.1051966    264.8013029    127.4310735
     360.000     -27.4442927    437.5713694    265.2578137    130.0814003
     370.000     -31.8565309    444.8449794    265.6788191    132.7361115
     380.000     -36.3405817    451.9353999    266.0678837    135.3948702
     390.000     -40.8946575    458.8513605    266.4281390    138.0573731
     400.000     -45.5170546    465.6010020    266.7623439    140.7233462
     410.000     -50.2061485    472.1919264    267.0729370    143.3925413
     420.000     -54.9603878    478.6312412    267.3620795    146.0647335
     430.000     -59.7782902    484.9256001    267.6316921    148.7397179
     440.000     -64.6584375    491.0812396    267.8834864    151.4173079
     450.000     -69.5994721    497.1040120    268.1189914    154.0973333
     460.000     -74.6000932    502.9994157    268.3395763    156.7796380
     470.000     -79.6590531    508.7726220    268.5464700    159.4640792
     480.000     -84.7751546    514.4285002    268.7407780    162.1505255
     490.000     -89.9472474    519.9716398    268.9234967    164.8388561
     500.000     -95.1742260    525.4063717    269.0955265    167.5289598
     510.000    -100.4550271    530.7367860    269.2576821    170.2207338
     520.000    -105.7886269    535.9667499    269.4107023    172.9140830
     530.000    -111.1740395    541.0999228    269.5552585    175.6089196
     540.000    -116.6103143    546.1397710    269.6919616    178.3051620
     550.000    -122.0965348    551.0895806    269.8213685    181.0027345
     560.000    -127.6318162    555.9524696    269.9439878    183.7015668
     570.000    -133.2153043    560.7313992    270.0602847    186.4015932
     580.000    -138.8461737    565.4291837    270.1706854    189.1027528
     590.000    -144.5236265    570.0485001    270.2755806    191.8049886
     600.000    -150.2468907    574.5918966    270.3753295    194.5082473
     610.000    -156.0152194    579.0618009    270.4702625    197.2124791
     620.000    -161.8278895    583.4605273    270.5606840    199.9176375
     630.000    -167.6842001    587.7902838    270.6468746    202.6236787
     640.000    -173.5834723    592.0531782    270.7290937    205.3305617
     650.000    -179.5250475    596.2512241    270.8075811    208.0382481
     660.000    -185.5082870    600.3863465    270.8825587    210.7467017
     670.000    -191.5325708    604.4603868    270.9542323    213.4558883
     680.000    -197.5972970    608.4751073    271.0227928    216.1657759
     690.000    -203.7018809    612.4321960    271.0884176    218.8763344
     700.000    -209.8457542    616.3332704    271.1512716    221.5875351
     710.000    -216.0283648    620.1798815    271.2115083    224.2993511
     720.000    -222.2491753    623.9735170    271.2692708    227.0117570
     730.000    -228.5076633    627.7156054    271.3246925    229.7247287
     740.000    -234.8033202    631.4075184    271.3778981    232.4382434
     750.000    -241.1356508    635.0505739    271.4290038    235.1522796
     760.000    -247.5041730    638.6460393    271.4781187    237.8668169
     770.000    -253.9084170    642.1951334    271.5253445    240.5818357
     780.000    -260.3479250    645.6990293    271.5707769    243.2973178
     790.000    -266.8222507    649.1588561    271.6145053    246.0132456
     800.000    -273.3309589    652.5757017    271.6566138    248.7296025
     810.000    -279.8736250    655.9506145    271.6971813    251.4463727
     820.000    -286.4498348    659.2846049    271.7362820    254.1635412
     830.000    -293.0591839    662.5786477    271.7739857    256.8810937
     840.000    -299.7012777    665.8336836    271.8103580    259.5990165
     850.000    -306.3757306    669.0506203    271.8454608    262.3172966
     860.000    -313.0821660    672.2303346    271.8793525    265.0359217
     870.000    -319.8202160    675.3736734    271.9120880    267.7548798
     880.000    -326.5895210    678.4814554    271.9437193    270.4741598
     890.000    -333.3897293    681.5544719    271.9742955    273.1937507
     900.000    -340.2204971    684.5934882    272.0038629    275.9136423
     910.000    -347.0814882    687.5992450    272.0324653    278.6338247
     920.000    -353.9723735    690.5724588    272.0601442    281.3542885
     930.000    -360.8928312    693.5138235    272.0869389    284.0750247
     940.000    -367.8425461    696.4240112    272.1128867    286.7960245
     950.000    -374.8212097    699.3036730    272.1380229    289.5172797
     960.000    -381.8285199    702.1534398    272.1623808    292.2387824
     970.000    -388.8641808    704.9739234    272.1859923    294.9605248
     980.000    -395.9279027    707.7657169    272.2088875    297.6824998
     990.000    -403.0194015    710.5293957    272.2310951    300.4047003
    1000.000    -410.1383988    713.2655183    272.2526423    303.1271195
    1010.000    -417.2846218    715.9746266    272.2735551    305.8497510
    1020.000    -424.4578030    718.6572467    272.2938580    308.5725886
    1030.000    -431.6576801    721.3138897    272.3135745    311.2956262
    1040.000    -438.8839959    723.9450520    272.3327270    314.0188582
    1050.000    -446.1364979    726.5512160    272.3513368    316.7422790
    1060.000    -453.4149384    729.1328506    272.3694241    319.4658832
    1070.000    -460.7190746    731.6904116    272.3870083    322.1896658
    1080.000    -468.0486679    734.2243423    272.4041079    324.9136217
    1090.000    -475.4034841    736.7350739    272.4207406    327.6377464
    1100.000    -482.7832934    739.2230259    272.4369231    330.3620351
    1110.000    -490.1878701    741.6886067    272.4526715    333.0864834
    1120.000    -497.6169923    744.1322138    272.4680013    335.8110871
    1130.000    -505.0704424    746.5542340    272.4829271    338.5358421
    1140.000    -512.5480063    748.9550444    272.4974630    341.2607443
    1150.000    -520.0494738    751.3350121    272.5116224    343.9857901
    1160.000    -527.5746383    753.6944947    272.5254182    346.7109756
    1170.000    -535.1232966    756.0338409    272.5388627    349.4362973
    1180.000    -542.6952491    758.3533905    272.5519679    352.1617517
    1190.000    -550.2902995    760.6534748    272.5647449    354.8873355
    1200.000    -557.9082548    762.9344169    272.5772046    357.6130455
    1210.000    -565.5489251    765.1965320    272.5893575    360.3388786
    1220.000    -573.2121237    767.4401274    272.6012136    363.0648317
    1230.000    -580.8976669    769.6655031    272.6127824    365.7909019
    1240.000    -588.6053740    771.8729520    272.6240731    368.5170864
    1250.000    -596.3350672    774.0627597    272.6350945    371.2433825
    1260.000    -604.0865713    776.2352054    272.6458552    373.9697874
    1270.000    -611.8597143    778.3905614    272.6563633    376.6962987
    1280.000    -619.6543265    780.5290940    272.6666267    379.4229139
    1290.000    -627.4702410    782.6510631    272.6766528    382.1496305
    1300.000    -635.3072934    784.7567227    272.6864490    384.8764462
    1310.000    -643.1653219    786.8463211    272.6960222    387.6033587
    1320.000    -651.0441671    788.9201007    272.7053791    390.3303659
    1330.000    -658.9436720    790.9782989    272.7145262    393.0574656
    1340.000    -666.8636819    793.0211475    272.7234697    395.7846558
    1350.000    -674.8040445    795.0488732    272.7322156    398.5119343
    1360.000    -682.7646097    797.0616979    272.7407697    401.2392994
    1370.000    -690.7452295    799.0598384    272.7491375    403.9667491
    1380.000    -698.7457582    801.0435071    272.7573245    406.6942816
    1390.000    -706.7660521    803.0129116    272.7653357    409.4218950
    1400.000    -714.8059696    804.9682552    272.7731762    412.1495877
    1410.000    -722.8653710    806.9097369    272.7808508    414.8773580
    1420.000    -730.9441188    808.8375514    272.7883641    417.6052042
    1430.000    -739.0420771    810.7518894    272.7957207    420.3331247
    1440.000    -747.1591122    812.6529377    272.8029247    423.0611181
    1450.000    -755.2950922    814.5408793    272.8099806    425.7891827
    1460.000    -763.4498867    816.4158931    272.8168922    428.5173172
    1470.000    -771.6233675    818.2781549    272.8236634    431.2455201
    1480.000    -779.8154079    820.1278365    272.8302981    433.9737900
    1490.000    -788.0258829    821.9651064    272.8367999    436.7021256
    1500.000    -796.2546692    823.7901299    272.8431724    439.4305256
    1510.000    -804.5016452    825.6030688    272.8494188    442.1589887
    1520.000    -812.7666908    827.4040819    272.8555426    444.8875136
    1530.000    -821.0496876    829.1933247    272.8615469    447.6160991
    1540.000    -829.3505186    830.9709498    272.8674347    450.3447441
    1550.000    -837.6690684    832.7371070    272.8732092    453.0734474
    1560.000    -846.0052230    834.4919429    272.8788731    455.8022079
    1570.000    -854.3588700    836.2356016    272.8844294    458.5310245
    1580.000    -862.7298983    837.9682243    272.8898806    461.2598962
    1590.000    -871.1181981    839.6899497    272.8952294    463.9888218
    1600.000    -879.5236614    841.4009136    272.9004784    466.7178004
    1610.000    -887.9461810    843.1012497    272.9056301    469.4468311
    1620.000    -896.3856514    844.7910890    272.9106868    472.1759127
    1630.000    -904.8419682    846.4705599    272.9156508    474.9050445
    1640.000    -913.3150284    848.1397889    272.9205245    477.6342254
    1650.000    -921.8047303    849.7989000    272.9253099    480.3634547
    1660.000    -930.3109731    851.4480147    272.9300092    483.0927313
    1670.000    -938.8336576    853.0872528    272.9346244    485.8220546
    1680.000    -947.3726856    854.7167317    272.9391576    488.5514236
    1690.000    -955.9279601    856.3365666    272.9436107    491.2808375
    1700.000    -964.4993852    857.9468710    272.9479855    494.0102955
    1710.000    -973.0868661    859.5477562    272.9522839    496.7397969
    1720.000    -981.6903093    861.1393315    272.9565077    499.4693409
    1730.000    -990.3096221    862.7217046    272.9606585    502.1989268
    1740.000    -998.9447131    864.2949810    272.9647380    504.9285539
    1750.000   -1007.5954917    865.8592646    272.9687479    507.6582214
    1760.000   -1016.2618687    867.4146576    272.9726897    510.3879286
    1770.000   -1024.9437556    868.9612602    272.9765649    513.1176749
    1780.000   -1033.6410650    870.4991711    272.9803751    515.8474597
    1790.000   -1042.3537104    872.0284875    272.9841217    518.5772822
    1800.000   -1051.0816064    873.5493046    272.9878062    521.3071419
    1810.000   -1059.8246684    875.0617163    272.9914297    524.0370381
    1820.000   -1068.5828130    876.5658150    272.9949938    526.7669703
    1830.000   -1077.3559573    878.0616913    272.9984997    529.4969378
    1840.000   -1086.1440197    879.5494347    273.0019486    532.2269401
    1850.000   -1094.9469192    881.0291329    273.0053419    534.9569766
    1860.000   -1103.7645758    882.5008724    273.0086806    537.6870468
    1870.000   -1112.5969104    883.9647382    273.0119659    540.4171500
    1880.000   -1121.4438446    885.4208141    273.0151990    543.1472859
    1890.000   -1130.3053010    886.8691825    273.0183810    545.8774539
    1900.000   -1139.1812029    888.3099243    273.0215129    548.6076534
    1910.000   -1148.0714743    889.7431195    273.0245958    551.3378840
    1920.000   -1156.9760404    891.1688466    273.0276307    554.0681451
    1930.000   -1165.8948266    892.5871829    273.0306186    556.7984364
    1940.000   -1174.8277596    893.9982046    273.0335605    559.5287573
    1950.000   -1183.7747666    895.4019867    273.0364573    562.2591075
    1960.000   -1192.7357755    896.7986030    273.0393099    564.9894863
    1970.000   -1201.7107150    898.1881262    273.0421192    567.7198935
    1980.000   -1210.6995146    899.5706279    273.0448861    570.4503286
    1990.000   -1219.7021044    900.9461786    273.0476114    573.1807911
    2000.000   -1228.7184152    902.3148480    273.0502960    575.9112807