       0.000     277.3358116      0.0000000      0.0000000    277.3358116
      10.000     277.3328611      0.8944554      1.8232053    277.3418057
      20.000     277.3118256      3.6041412      7.1839177    277.3839084
      30.000     277.2544970      8.2185898     17.1953336    277.5010547
      40.000     277.1395019     15.2058365     33.1096705    277.7477354
      50.000     276.9417046     24.7861097     54.3481575    278.1810101
      60.000     276.6353252     36.9001620     79.9898229    278.8493350
      70.000     276.1957693     51.3935653    109.3871279    279.7933188
      80.000     275.6000919     68.0951868    141.9687761    281.0477068
      90.000     274.8271139     86.8216066    177.0559012    282.6410585
     100.000     273.8575849    107.3698424    213.8658233    284.5945692
     110.000     272.6743803    129.5187747    251.5992774    286.9214455
     120.000     271.2626427    153.0377805    289.5231768    289.6271763
     130.000     269.6098242    177.6972660    327.0194914    292.7104688
     140.000     267.7056294    203.2776926    363.6021672    296.1645063
     150.000     265.5418802    229.5758646    398.9129073    299.9782598
     160.000     263.1123329    256.4085132    432.7059038    304.1376950
     170.000     260.4124704    283.6137129    464.8284556    308.6268016
     180.000     257.4392880    311.0507678    495.2015026    313.4284262
     190.000     254.1910861    338.5991199    523.8020857    318.5249189
     200.000     250.6672767    366.1567042    550.6485099    323.8986175
     210.000     246.8682078    393.6380494    575.7883088    329.5321982
     220.000     242.7950074    420.9723206    599.2887773    335.4089179
     230.000     238.4494465    448.1014261    621.2297070    341.5127745
     240.000     233.8338208    474.9782580    641.6979331    347.8286027
     250.000     228.9508489    501.5650995    660.7833270    354.3421237
     260.000     223.8035853    527.8322108    678.5759212    361.0399601
     270.000     218.3953477    553.7565904    695.1639017    367.9096271
     280.000     212.7296543    579.3209010    710.6322585    374.9395066
     290.000     206.8101723    604.5125454    725.0619259    382.1188105
     300.000     200.6406748    629.3228771    738.5292833    389.4375379
     310.000     194.2250040    653.7465277    751.1059175    396.8864276
     320.000     187.5670423    677.7808372    762.8585695    404.4569102
     330.000     180.6706867    701.4253720    773.8492105    412.1410595
     340.000     173.5398296    724.6815189    784.1352037    419.9315461
     350.000     166.1783416    747.5521435    793.7695213    427.8215918
     360.000     158.5900584    770.0413028    802.8009942    435.8049274
     370.000     150.7787705    792.1540054    811.2745773    443.8757524
     380.000     142.7482140    813.8960093    819.2316199    452.0286975
     390.000     134.5020648    835.2736544    826.7101320    460.2587901
     400.000     126.0439329    856.2937223    833.7450431    468.5614218
     410.000     117.3773587    876.9633192    840.3684475    476.9323195
     420.000     108.5058103    897.2897794    846.6098366    485.3675177
     430.000      99.4326819    917.2805850    852.4963152    493.8633335
     440.000      90.1612923    936.9432999    858.0528029    502.4163442
     450.000      80.6948843    956.2855153    863.3022197    511.0233662
     460.000      71.0366250    975.3148054    868.2656577    519.6814355
     470.000      61.1896062    994.0386911    872.9625372    528.3877910
     480.000      51.1568444   1012.4646107    877.4107509    537.1398576
     490.000      40.9412827   1030.5998970    881.6267953    545.9352322
     500.000      30.5457912   1048.4517584    885.6258897    554.7716704
     510.000      19.9731687   1066.0272649    889.4220864    563.6470738
     520.000       9.2261440   1083.3333369    893.0283689    572.5594792
     530.000      -1.6926225   1100.3767372    896.4567438    581.5070483
     540.000     -12.7805372   1117.1640655    899.7183217    590.4880582
     550.000     -24.0350717   1133.7017541    902.8233934    599.5008931
     560.000     -35.4537610   1149.9960665    905.7814975    608.5440362
     570.000     -47.0342021   1166.0530961    908.6014823    617.6160627
     580.000     -58.7740518   1181.8787667    911.2915630    626.7156329
     590.000     -70.6710254   1197.4788337    913.8593726    635.8414865
     600.000     -82.7228951   1212.8588860    916.3120091    644.9924365
     610.000     -94.9274879   1228.0243486    918.6560782    654.1673648
     620.000    -107.2826843   1242.9804856    920.8977323    663.3652168
     630.000    -119.7864169   1257.7324033    923.0427060    672.5849972
     640.000    -132.4366682   1272.2850542    925.0963489    681.8257665
     650.000    -145.2314697   1286.6432403    927.0636549    691.0866365
     660.000    -158.1689003   1300.8116177    928.9492898    700.3667674
     670.000    -171.2470845   1314.7947001    930.7576157    709.6653646
     680.000    -184.4641913   1328.5968631    932.4927142    718.9816756
     690.000    -197.8184328   1342.2223483    934.1584069    728.3149875
     700.000    -211.3080630   1355.6752677    935.7582746    737.6646244
     710.000    -224.9313762   1368.9596072    937.2956751    747.0299448
     720.000    -238.6867061   1382.0792310    938.7737588    756.4103402
     730.000    -252.5724243   1395.0378856    940.1954842    765.8052322
     740.000    -266.5869394   1407.8392036    941.5636307    775.2140713
     750.000    -280.7286957   1420.4867075    942.8808120    784.6363349
     760.000    -294.9961722   1432.9838133    944.1494868    794.0715259
     770.000    -309.3878817   1445.3338343    945.3719700    803.5191707
     780.000    -323.9023693   1457.5399845    946.5504424    812.9788186
     790.000    -338.5382122   1469.6053822    947.6869596    822.4500397
     800.000    -353.2940179   1481.5330529    948.7834606    831.9324244
     810.000    -368.1684240   1493.3259328    949.8417751    841.4255816
     820.000    -383.1600968   1504.9868721    950.8636314    850.9291384
     830.000    -398.2677308   1516.5186374    951.8506621    860.4427382
     840.000    -413.4900479   1527.9239150    952.8044109    869.9660407
     850.000    -428.8257962   1539.2053136    953.7263383    879.4987204
     860.000    -444.2737497   1550.3653671    954.6178262    889.0404660
     870.000    -459.8327073   1561.4065369    955.4801837    898.5909798
     880.000    -475.5014921   1572.3312146    956.3146508    908.1499767
     890.000    -491.2789510   1583.1417245    957.1224033    917.7171838
     900.000    -507.1639536   1593.8403256    957.9045564    927.2923394
     910.000    -523.1553918   1604.4292142    958.6621683    936.8751931
     920.000    -539.2521793   1614.9105257    959.3962438    946.4655044
     930.000    -555.4532507   1625.2863370    960.1077373    956.0630427
     940.000    -571.7575611   1635.5586681    960.7975559    965.6675869
     950.000    -588.1640857   1645.7294843    961.4665621    975.2789244
     960.000    -604.6718188   1655.8006982    962.1155764    984.8968515
     970.000    -621.2797738   1665.7741709    962.7453796    994.5211719
     980.000    -637.9869825   1675.6517142    963.3567152   1004.1516975
     990.000    -654.7924942   1685.4350922    963.9502914   1013.7882470
    1000.000    -671.6953762   1695.1260225    964.5267831   1023.4306464
    1010.000    -688.6947121   1704.7261782    965.0868338   1033.0787279
    1020.000    -705.7896026   1714.2371891    965.6310571   1042.7323303
    1030.000    -722.9791640   1723.6606430    966.1600388   1052.3912982
    1040.000    -740.2625287   1732.9980874    966.6743379   1062.0554821
    1050.000    -757.6388441   1742.2510305    967.1744881   1071.7247378
    1060.000    -775.1072726   1751.4209425    967.6609995   1081.3989264
    1070.000    -792.6669910   1760.5092570    968.1343596   1091.0779140
    1080.000    -810.3171904   1769.5173720    968.5950343   1100.7615714
    1090.000    -828.0570756   1778.4466509    969.0434693   1110.4497739
    1100.000    -845.8858651   1787.2984240    969.4800913   1120.1424014
    1110.000    -863.8027901   1796.0739890    969.9053083   1129.8393377
    1120.000    -881.8070950   1804.7746124    970.3195113   1139.5404708
    1130.000    -899.8980367   1813.4015302    970.7230745   1149.2456925
    1140.000    -918.0748840   1821.9559491    971.1163568   1158.9548980
    1150.000    -936.3369179   1830.4390473    971.4997020   1168.6679865
    1160.000    -954.6834310   1838.8519751    971.8734398   1178.3848601
    1170.000    -973.1137273   1847.1958560    972.2378863   1188.1054243
    1180.000    -991.6271217   1855.4717877    972.5933451   1197.8295878
    1190.000   -1010.2229401   1863.6808423    972.9401073   1207.5572622
    1200.000   -1028.9005191   1871.8240675    973.2784525   1217.2883619
    1210.000   -1047.6592054   1879.9024872    973.6086492   1227.0228041
    1220.000   -1066.4983561   1887.9171022    973.9309554   1236.7605086
    1230.000   -1085.4173381   1895.8688909    974.2456189   1246.5013977
    1240.000   -1104.4155277   1903.7588097    974.5528781   1256.2453963
    1250.000   -1123.4923111   1911.5877940    974.8529621   1265.9924314
    1260.000   -1142.6470835   1919.3567587    975.1460913   1275.7424324
    1270.000   -1161.8792492   1927.0665984    975.4324777   1285.4953307
    1280.000   -1181.1882214   1934.7181886    975.7123254   1295.2510601
    1290.000   -1200.5734217   1942.3123859    975.9858309   1305.0095561
    1300.000   -1220.0342806   1949.8500283    976.2531833   1314.7707562
    1310.000   -1239.5702365   1957.3319361    976.5145648   1324.5345999
    1320.000   -1259.1807362   1964.7589124    976.7701510   1334.3010282
    1330.000   -1278.8652342   1972.1317431    977.0201111   1344.0699841
    1340.000   -1298.6231931   1979.4511980    977.2646081   1353.8414122
    1350.000   -1318.4540828   1986.7180307    977.5037993   1363.6152586
    1360.000   -1338.3573808   1993.9329793    977.7378363   1373.3914710
    1370.000   -1358.3325719   2001.0967668    977.9668655   1383.1699986
    1380.000   -1378.3791479   2008.2101015    978.1910280   1392.9507921
    1390.000   -1398.4966080   2015.2736773    978.4104601   1402.7338034
    1400.000   -1418.6844579   2022.2881742    978.6252934   1412.5189860
    1410.000   -1438.9422101   2029.2542585    978.8356548   1422.3062944
    1420.000   -1459.2693839   2036.1725834    979.0416670   1432.0956846
    1430.000   -1479.6655047   2043.0437891    979.2434487   1441.8871136
    1440.000   -1500.1301047   2049.8685031    979.4411142   1451.6805398
    1450.000   -1520.6627219   2056.6473410    979.6347744   1461.4759226
    1460.000   -1541.2629006   2063.3809061    979.8245363   1471.2732223
    1470.000   -1561.9301911   2070.0697903    980.0105033   1481.0724007
    1480.000   -1582.6641494   2076.7145740    980.1927756   1490.8734201
    1490.000   -1603.4643374   2083.3158266    980.3714499   1500.6762442
    1500.000   -1624.3303227   2089.8741067    980.5466199   1510.4808374
    1510.000   -1645.2616782   2096.3899625    980.7183765   1520.2871652
    1520.000   -1666.2579823   2102.8639317    980.8868072   1530.0951938
    1530.000   -1687.3188189   2109.2965421    981.0519971   1539.9048905
    1540.000   -1708.4437770   2115.6883119    981.2140284   1549.7162233
    1550.000   -1729.6324507   2122.0397494    981.3729810   1559.5291608
    1560.000   -1750.8844392   2128.3513539    981.5289319   1569.3436729
    1570.000   -1772.1993467   2134.6236155    981.6819561   1579.1597297
    1580.000   -1793.5767820   2140.8570155    981.8321260   1588.9773025
    1590.000   -1815.0163590   2147.0520264    981.9795120   1598.7963630
    1600.000   -1836.5176961   2153.2091124    982.1241821   1608.6168837
    1610.000   -1858.0804164   2159.3287293    982.2662025   1618.4388378
    1620.000   -1879.7041473   2165.4113249    982.4056372   1628.2621991
    1630.000   -1901.3885209   2171.4573393    982.5425484   1638.0869421
    1640.000   -1923.1331736   2177.4672045    982.6769965   1647.9130419
    1650.000   -1944.9377459   2183.4413454    982.8090399   1657.7404740
    1660.000   -1966.8018828   2189.3801793    982.9387356   1667.5692148
    1670.000   -1988.7252332   2195.2841163    983.0661385   1677.3992411
    1680.000   -2010.7074502   2201.1535597    983.1913024   1687.2305301
    1690.000   -2032.7481907   2206.9889057    983.3142791   1697.0630598
    1700.000   -2054.8471159   2212.7905438    983.4351193   1706.8968086
    1710.000   -2077.0038905   2218.5588572    983.5538718   1716.7317553
    1720.000   -2099.2181832   2224.2942224    983.6705845   1726.5678792
    1730.000   -2121.4896664   2229.9970097    983.7853036   1736.4051603
    1740.000   -2143.8180161   2235.6675833    983.8980741   1746.2435788
    1750.000   -2166.2029119   2241.3063013    984.0089397   1756.0831154
    1760.000   -2188.6440371   2246.9135162    984.1179431   1765.9237514
    1770.000   -2211.1410783   2252.4895743    984.2251255   1775.7654682
    1780.000   -2233.6937258   2258.0348167    984.3305273   1785.6082480
    1790.000   -2256.3016731   2263.5495788    984.4341874   1795.4520730
    1800.000   -2278.9646169   2269.0341905    984.5361439   1805.2969260
    1810.000   -2301.6822575   2274.4889767    984.6364340   1815.1427903
    1820.000   -2324.4542981   2279.9142568    984.7350935   1824.9896493
    1830.000   -2347.2804453   2285.3103454    984.8321576   1834.8374869
    1840.000   -2370.1604087   2290.6775522    984.9276603   1844.6862872
    1850.000   -2393.0939011   2296.0161817    985.0216349   1854.5360350
    1860.000   -2416.0806381   2301.3265339    985.1141138   1864.3867149
    1870.000   -2439.1203385   2306.6089042    985.2051284   1874.2383124
    1880.000   -2462.2127239   2311.8635833    985.2947094   1884.0908127
    1890.000   -2485.3575188   2317.0908575    985.3828867   1893.9442019
    1900.000   -2508.5544506   2322.2910087    985.4696893   1903.7984659
    1910.000   -2531.8032495   2327.4643145    985.5551457   1913.6535912
    1920.000   -2555.1036483   2332.6110483    985.6392834   1923.5095644
    1930.000   -2578.4553828   2337.7314794    985.7221295   1933.3663725
    1940.000   -2601.8581911   2342.8258732    985.8037100   1943.2240028
    1950.000   -2625.3118143   2347.8944907    985.8840506   1953.0824426
    1960.000   -2648.8159959   2352.9375896    985.9631763   1962.9416797
    1970.000   -2672.3704819   2357.9554234    986.0411113   1972.8017022
    1980.000   -2695.9750210   2362.9482419    986.1178795   1982.6624981
    1990.000   -2719.6293642   2367.9162915    986.1935038   1992.5240559
    2000.000   -2743.3332651   2372.8598147    986.2680069   2002.3863644
