       0.000     104.9221674      0.0000000      0.0000000    104.9221674
      10.000     104.9194281      1.1604457      3.8518425    104.9310326
      20.000     104.8738440      9.5013006     26.4094441    105.0638700
      30.000     104.6922948     29.0688117     80.1172873    105.5643592
      40.000     104.2420239     63.5705670    168.5000411    106.7848466
      50.000     103.3731856    112.2701044    272.7068441    108.9866908
      60.000     101.9628211    171.1100421    374.3935451    112.2294236
      70.000      99.9317356    235.7626418    464.4705929    116.4351205
      80.000      97.2393911    302.9064959    540.5691528    121.4719107
      90.000      93.8727674    370.3302758    603.4957957    127.2024922
     100.000      89.8364370    436.6776509    655.1372027    133.5042021
     110.000      85.1454308    501.1721766    697.5104798    140.2743703
     120.000      79.8205464    563.4082704    732.4112339    147.4295388
     130.000      73.8853955    623.2098262    761.3254123    154.9026729
     140.000      67.3645992    680.5391958    785.4431079    162.6400866
     150.000      60.2827119    735.4399301    805.7040424    170.5987015
     160.000      52.6636014    788.0011854    822.8468283    178.7437911
     170.000      44.5301115    838.3357797    837.4523755    187.0471941
     180.000      35.9038980    886.5667887    849.9791982    195.4859199
     190.000      26.8053698    932.8194729    860.7910961    204.0410697
     200.000      17.2536933    977.2165323    870.1784851    212.6969998
     210.000       7.2668323   1019.8754357    878.3747162    221.4406738
     220.000      -3.1383919   1060.9070386    885.5685415    230.2611566
     230.000     -13.9462305   1100.4149961    891.9136528    239.1492186
     240.000     -25.1419349   1138.4956577    897.5360090    248.0970229
     250.000     -36.7116841   1175.2382480    902.5394913    257.0978778
     260.000     -48.6425151   1210.7252072    907.0102931    266.1460387
     270.000     -60.9222571   1245.0326158    911.0203473    275.2365492
     280.000     -73.5394702   1278.2306510    914.6300194    284.3651121
     290.000     -86.4833886   1310.3840487    917.8902359    293.5279855
     300.000     -99.7438687   1341.5525509    920.8441768    302.7218966
     310.000    -113.3113410   1371.7913301    923.5286297    311.9439714
     320.000    -127.1767666   1401.1513842    925.9750794    321.1916764
     330.000    -141.3315972   1429.6799015    928.2105891    330.4627702
     340.000    -155.7677389   1457.4205945    930.2585178    339.7552632
     350.000    -170.4775185   1484.4140046    932.1391068    349.0673831
     360.000    -185.4536538   1510.6977787    933.8699613    358.3975465
     370.000    -200.6892256   1536.3069195    935.4664486    367.7443346
     380.000    -216.1776523   1561.2740130    936.9420286    377.1064726
     390.000    -231.9126672   1585.6294331    938.3085285    386.4828118
     400.000    -247.8882968   1609.4015281    939.5763734    395.8723145
     410.000    -264.0988418   1632.6167878    940.7547798    405.2740412
     420.000    -280.5388592   1655.2999963    941.8519188    414.6871393
     430.000    -297.2031458   1677.4743692    942.8750547    424.1108330
     440.000    -314.0867232   1699.1616785    943.8306618    433.5444154
     450.000    -331.1848241   1720.3823657    944.7245256    442.9872405
     460.000    -348.4928792   1741.1556449    945.5618278    452.4387174
     470.000    -366.0065060   1761.4995958    946.3472203    461.8983041
     480.000    -383.7214969   1781.4312494    947.0848884    471.3655028
     490.000    -401.6338103   1800.9666646    947.7786060    480.8398554
     500.000    -419.7395601   1820.1209997    948.4317824    490.3209398
     510.000    -438.0350078   1838.9085765    949.0475043    499.8083662
     520.000    -456.5165543   1857.3429397    949.6285708    509.3017744
     530.000    -475.1807320   1875.4369107    950.1775256    518.8008306
     540.000    -494.0241984   1893.2026371    950.6966839    528.3052256
     550.000    -513.0437291   1910.6516384    951.1881567    537.8146720
     560.000    -532.2362120   1927.7948479    951.6538718    547.3289029
     570.000    -551.5986414   1944.6426508    952.0955927    556.8476695
     580.000    -571.1281132   1961.2049196    952.5149351    566.3707402
     590.000    -590.8218194   1977.4910474    952.9133810    575.8978986
     600.000    -610.6770436   1993.5099771    953.2922924    585.4289427
     610.000    -630.6911567   2009.2702299    953.6529223    594.9636835
     620.000    -650.8616130   2024.7799308    953.9964250    604.5019440
     630.000    -671.1859461   2040.0468325    954.3238655    614.0435584
     640.000    -691.6617651   2055.0783378    954.6362274    623.5883711
     650.000    -712.2867518   2069.8815193    954.9344202    633.1362358
     660.000    -733.0586570   2084.4631394    955.2192864    642.6870151
     670.000    -753.9752976   2098.8296676    955.4916065    652.2405797
     680.000    -775.0345540   2112.9872968    955.7521050    661.7968078
     690.000    -796.2343670   2126.9419589    956.0014550    671.3555846
     700.000    -817.5727356   2140.6993392    956.2402824    680.9168018
     710.000    -839.0477144   2154.2648895    956.4691699    690.4803572
     720.000    -860.6574114   2167.6438407    956.6886605    700.0461539
     730.000    -882.3999860   2180.8412147    956.8992606    709.6141007
     740.000    -904.2736466   2193.8618346    957.1014432    719.1841111
     750.000    -926.2766490   2206.7103360    957.2956501    728.7561030
     760.000    -948.4072944   2219.3911754    957.4822946    738.3299989
     770.000    -970.6639279   2231.9086401    957.6617637    747.9057250
     780.000    -993.0449364   2244.2668562    957.8344200    757.4832114
     790.000   -1015.5487475   2256.4697965    958.0006034    767.0623918
     800.000   -1038.1738275   2268.5212882    958.1606329    776.6432030
     810.000   -1060.9186807   2280.4250193    958.3148083    786.2255850
     820.000   -1083.7818472   2292.1845461    958.4634113    795.8094806
     830.000   -1106.7619024   2303.8032987    958.6067067    805.3948355
     840.000   -1129.8574550   2315.2845868    958.7449440    814.9815979
     850.000   -1153.0671466   2326.6316057    958.8783581    824.5697183
     860.000   -1176.3896499   2337.8474413    959.0071707    834.1591497
     870.000   -1199.8236681   2348.9350749    959.1315905    843.7498471
     880.000   -1223.3679336   2359.8973877    959.2518148    853.3417675
     890.000   -1247.0212074   2370.7371656    959.3680299    862.9348700
     900.000   -1270.7822775   2381.4571031    959.4804120    872.5291153
     910.000   -1294.6499587   2392.0598074    959.5891274    882.1244660
     920.000   -1318.6230913   2402.5478016    959.6943339    891.7208862
     930.000   -1342.7005405   2412.9235290    959.7961807    901.3183415
     940.000   -1366.8811955   2423.1893560    959.8948091    910.9167991
     950.000   -1391.1639689   2433.3475751    959.9903532    920.5162274
     960.000   -1415.5477958   2443.4004084    960.0829401    930.1165963
     970.000   -1440.0316330   2453.3500101    960.1726905    939.7178768
     980.000   -1464.6144588   2463.1984692    960.2597189    949.3200410
     990.000   -1489.2952720   2472.9478126    960.3441342    958.9230624
    1000.000   -1514.0730913   2482.6000066    960.4260400    968.5269153
    1010.000   -1538.9469547   2492.1569603    960.5055345    978.1315752
    1020.000   -1563.9159192   2501.6205269    960.5827114    987.7370183
    1030.000   -1588.9790599   2510.9925067    960.6576599    997.3432220
    1040.000   -1614.1354699   2520.2746483    960.7304648   1006.9501644
    1050.000   -1639.3842591   2529.4686510    960.8012071   1016.5578244
    1060.000   -1664.7245546   2538.5761665    960.8699639   1026.1661819
    1070.000   -1690.1554995   2547.5988008    960.9368087   1035.7752173
    1080.000   -1715.6762529   2556.5381156    961.0018117   1045.3849119
    1090.000   -1741.2859891   2565.3956301    961.0650398   1054.9952476
    1100.000   -1766.9838977   2574.1728225    961.1265571   1064.6062070
    1110.000   -1792.7691827   2582.8711315    961.1864248   1074.2177733
    1120.000   -1818.6410621   2591.4919574    961.2447011   1083.8299302
    1130.000   -1844.5987681   2600.0366639    961.3014420   1093.4426622
    1140.000   -1870.6415461   2608.5065791    961.3567008   1103.0559541
    1150.000   -1896.7686547   2616.9029966    961.4105288   1112.6697914
    1160.000   -1922.9793652   2625.2271770    961.4629748   1122.2841601
    1170.000   -1949.2729615   2633.4803487    961.5140858   1131.8990465
    1180.000   -1975.6487395   2641.6637093    961.5639066   1141.5144375
    1190.000   -2002.1060069   2649.7784263    961.6124802   1151.1303204
    1200.000   -2028.6440830   2657.8256384    961.6598480   1160.7466831
    1210.000   -2055.2622984   2665.8064561    961.7060494   1170.3635135
    1220.000   -2081.9599944   2673.7219629    961.7511225   1179.9808003
    1230.000   -2108.7365234   2681.5732161    961.7951036   1189.5985323
    1240.000   -2135.5912480   2689.3612475    961.8380277   1199.2166989
    1250.000   -2162.5235410   2697.0870644    961.8799284   1208.8352895
    1260.000   -2189.5327852   2704.7516503    961.9208380   1218.4542941
    1270.000   -2216.6183731   2712.3559655    961.9607874   1228.0737030
    1280.000   -2243.7797067   2719.9009480    961.9998064   1237.6935068
    1290.000   -2271.0161974   2727.3875143    962.0379238   1247.3136962
    1300.000   -2298.3272653   2734.8165597    962.0751670   1256.9342623
    1310.000   -2325.7123397   2742.1889591    962.1115625   1266.5551967
    1320.000   -2353.1708585   2749.5055677    962.1471359   1276.1764908
    1330.000   -2380.7022679   2756.7672215    962.1819118   1285.7981367
    1340.000   -2408.3060225   2763.9747380    962.2159137   1295.4201265
    1350.000   -2435.9815849   2771.1289166    962.2491645   1305.0424525
    1360.000   -2463.7284256   2778.2305390    962.2816861   1314.6651074
    1370.000   -2491.5460230   2785.2803700    962.3134997   1324.2880839
    1380.000   -2519.4338629   2792.2791579    962.3446257   1333.9113751
    1390.000   -2547.3914385   2799.2276350    962.3750837   1343.5349741
    1400.000   -2575.4182503   2806.1265177    962.4048927   1353.1588746
    1410.000   -2603.5138059   2812.9765076    962.4340710   1362.7830699
    1420.000   -2631.6776197   2819.7782913    962.4626362   1372.4075539
    1430.000   -2659.9092132   2826.5325412    962.4906055   1382.0323206
    1440.000   -2688.2081143   2833.2399156    962.5179952   1391.6573641
    1450.000   -2716.5738574   2839.9010594    962.5448213   1401.2826787
    1460.000   -2745.0059835   2846.5166043    962.5710990   1410.9082587
    1470.000   -2773.5040396   2853.0871690    962.5968434   1420.5340989
    1480.000   -2802.0675790   2859.6133600    962.6220686   1430.1601939
    1490.000   -2830.6961609   2866.0957714    962.6467885   1439.7865386
    1500.000   -2859.3893504   2872.5349856    962.6710166   1449.4131280
    1510.000   -2888.1467185   2878.9315734    962.6947657   1459.0399573
    1520.000   -2916.9678417   2885.2860943    962.7180485   1468.6670217
    1530.000   -2945.8523020   2891.5990972    962.7408770   1478.2943167
    1540.000   -2974.7996870   2897.8711200    962.7632630   1487.9218378
    1550.000   -3003.8095896   2904.1026904    962.7852179   1497.5495806
    1560.000   -3032.8816077   2910.2943259    962.8067526   1507.1775408
    1570.000   -3062.0153446   2916.4465343    962.8278778   1516.8057143
    1580.000   -3091.2104086   2922.5598137    962.8486038   1526.4340970
    1590.000   -3120.4664128   2928.6346527    962.8689406   1536.0626850
    1600.000   -3149.7829751   2934.6715310    962.8888979   1545.6914745
    1610.000   -3179.1597184   2940.6709194    962.9084850   1555.3204618
    1620.000   -3208.5962701   2946.6332797    962.9277111   1564.9496430
    1630.000   -3238.0922621   2952.5590656    962.9465849   1574.5790148
    1640.000   -3267.6473310   2958.4487223    962.9651151   1584.2085736
    1650.000   -3297.2611176   2964.3026870    962.9833099   1593.8383160
    1660.000   -3326.9332672   2970.1213891    963.0011773   1603.4682387
    1670.000   -3356.6634292   2975.9052501    963.0187252   1613.0983385
    1680.000   -3386.4512574   2981.6546843    963.0359611   1622.7286122
    1690.000   -3416.2964095   2987.3700983    963.0528923   1632.3590567
    1700.000   -3446.1985473   2993.0518920    963.0695261   1641.9896690
    1710.000   -3476.1573366   2998.7004578    963.0858693   1651.6204462
    1720.000   -3506.1724470   3004.3161817    963.1019287   1661.2513855
    1730.000   -3536.2435520   3009.8994427    963.1177108   1670.8824839
    1740.000   -3566.3703289   3015.4506136    963.1332219   1680.5137388
    1750.000   -3596.5524586   3020.9700606    963.1484682   1690.1451474
    1760.000   -3626.7896256   3026.4581437    963.1634557   1699.7767073
    1770.000   -3657.0815181   3031.9152168    963.1781902   1709.4084157
    1780.000   -3687.4278277   3037.3416281    963.1926774   1719.0402702
    1790.000   -3717.8282496   3042.7377196    963.2069228   1728.6722684
    1800.000   -3748.2824821   3048.1038278    963.2209317   1738.3044079
    1810.000   -3778.7902273   3053.4402837    963.2347094   1747.9366863
    1820.000   -3809.3511901   3058.7474129    963.2482608   1757.5691013
    1830.000   -3839.9650788   3064.0255353    963.2615910   1767.2016508
    1840.000   -3870.6316051   3069.2749661    963.2747046   1776.8343324
    1850.000   -3901.3504836   3074.4960150    963.2876065   1786.4671442
    1860.000   -3932.1214318   3079.6889869    963.3003010   1796.1000839
    1870.000   -3962.9441707   3084.8541819    963.3127927   1805.7331495
    1880.000   -3993.8184239   3089.9918952    963.3250858   1815.3663391
    1890.000   -4024.7439180   3095.1024172    963.3371845   1824.9996506
    1900.000   -4055.7203825   3100.1860340    963.3490929   1834.6330821
    1910.000   -4086.7475499   3105.2430271    963.3608149   1844.2666318
    1920.000   -4117.8251553   3110.2736735    963.3723545   1853.9002978
    1930.000   -4148.9529365   3115.2782460    963.3837153   1863.5340783
    1940.000   -4180.1306342   3120.2570132    963.3949011   1873.1679715
    1950.000   -4211.3579916   3125.2102397    963.4059155   1882.8019758
    1960.000   -4242.6347547   3130.1381857    963.4167618   1892.4360893
    1970.000   -4273.9606719   3135.0411078    963.4274436   1902.0703105
    1980.000   -4305.3354943   3139.9192585    963.4379641   1911.7046376
    1990.000   -4336.7589753   3144.7728867    963.4483266   1921.3390692
    2000.000   -4368.2308711   3149.6022374    963.4585342   1930.9736036
