       0.000     165.9904400      0.0000000      0.0000000    165.9904400
      10.000     165.9668244      7.8315369     18.4942943    166.0451398
      20.000     165.7649047     35.0754679     68.4363168    166.4664141
      30.000     165.2174150     77.3523590    155.2611101    167.5379857
      40.000     164.1484283    140.1361967    294.9603098    169.7538761
      50.000     162.3456022    223.4500475    459.1327585    173.5181046
      60.000     159.6302767    321.5024725    619.0250022    178.9204250
      70.000     155.8881534    427.8308314    760.5748366    185.8363116
      80.000     151.0629084    537.4422064    880.1858078    194.0582849
      90.000     145.1395766    647.0164981    979.1551380    203.3710614
     100.000     138.1295482    754.5287036   1060.4368991    213.5824186
     110.000     130.0597566    858.8329930   1127.1816313    224.5313858
     120.000     120.9655658    959.3452937   1182.1947323    236.0870011
     130.000     110.8863044   1055.8282218   1227.8001623    248.1439732
     140.000      99.8625431   1148.2525524   1265.8614013    260.6179004
     150.000      87.9344831   1236.7101079   1297.8516230    273.4409993
     160.000      75.1410378   1321.3596843   1324.9299897    286.5585873
     170.000      61.5193423   1402.3938053   1348.0090630    299.9262892
     180.000      47.1045265   1480.0185025   1367.8097588    313.5078570
     190.000      31.9296449   1554.4412233   1384.9045157    327.2734773
     200.000      16.0257014   1625.8638010   1399.7506137    341.1984616
     210.000      -0.5782731   1694.4785731   1412.7157009    355.2622273
     220.000     -17.8551151   1760.4664480   1424.0973168    369.4475035
     230.000     -35.7794095   1823.9961638   1434.1378481    383.7397082
     240.000     -54.3273676   1885.2242669   1443.0360269    398.1264564
     250.000     -73.4767066   1944.2955081   1450.9558135    412.5971705
     260.000     -93.2065347   2001.3434700   1458.0332959    427.1427675
     270.000    -113.4972433   2056.4913063   1464.3820811    441.7554094
     280.000    -134.3304064   2109.8525216   1470.0975325    456.4282997
     290.000    -155.6886880   2161.5317466   1475.2601218    471.1555185
     300.000    -177.5557572   2211.6254834   1479.9380951    485.9318878
     310.000    -199.9162104   2260.2228071   1484.1896069    500.7528598
     320.000    -222.7555003   2307.4060170   1488.0644379    515.6144251
     330.000    -246.0598714   2353.2512353   1491.6053851    530.5130363
     340.000    -269.8163006   2397.8289534   1494.8493934    545.4455436
     350.000    -294.0124438   2441.2045296   1497.8284809    560.4091415
     360.000    -318.6365867   2483.4386392   1500.5704996    575.4013234
     370.000    -343.6776001   2524.5876833   1503.0997641    590.4198427
     380.000    -369.1248989   2564.7041570   1505.4375730    605.4626808
     390.000    -394.9684048   2603.8369831   1507.6026434    620.5280186
     400.000    -421.1985122   2642.0318132   1509.6114753    635.6142130
     410.000    -447.8060569   2679.3313001   1511.4786567    650.7197761
     420.000    -474.7822870   2715.7753436   1513.2171223    665.8433573
     430.000    -502.1188371   2751.4013142   1514.8383718    680.9837280
     440.000    -529.8077035   2786.2442540   1516.3526557    696.1397683
     450.000    -557.8412220   2820.3370604   1517.7691338    711.3104552
     460.000    -586.2120475   2853.7106519   1519.0960108    726.4948524
     470.000    -614.9131348   2886.3941195   1520.3406528    741.6921014
     480.000    -643.9377210   2918.4148635   1521.5096878    756.9014135
     490.000    -673.2793093   2949.7987191   1522.6090920    772.1220631
     500.000    -702.9316538   2980.5700702   1523.6442652    787.3533813
     510.000    -732.8887459   3010.7519540   1524.6200955    802.5947506
     520.000    -763.1448008   3040.3661557   1525.5410167    817.8456002
     530.000    -793.6942456   3069.4332963   1526.4110578    833.1054014
     540.000    -824.5317084   3097.9729119   1527.2338859    848.3736640
     550.000    -855.6520073   3126.0035277   1528.0128449    863.6499329
     560.000    -887.0501410   3153.5427248   1528.7509887    878.9337849
     570.000    -918.7212795   3180.6072026   1529.4511110    894.2248260
     580.000    -950.6607556   3207.2128355   1530.1157710    909.5226889
     590.000    -982.8640571   3233.3747257   1530.7473170    924.8270310
     600.000   -1015.3268190   3259.1072519   1531.3479066    940.1375321
     610.000   -1048.0448167   3284.4241136   1531.9195247    955.4538926
     620.000   -1081.0139593   3309.3383734   1532.4640006    970.7758321
     630.000   -1114.2302838   3333.8624945   1532.9830212    986.1030878
     640.000   -1147.6899485   3358.0083772   1533.4781452   1001.4354129
     650.000   -1181.3892285   3381.7873913   1533.9508139   1016.7725759
     660.000   -1215.3245097   3405.2104069   1534.4023617   1032.1143588
     670.000   -1249.4922846   3428.2878231   1534.8340256   1047.4605568
     680.000   -1283.8891474   3451.0295945   1535.2469538   1062.8109769
     690.000   -1318.5117895   3473.4452559   1535.6422126   1078.1654370
     700.000   -1353.3569960   3495.5439451   1536.0207938   1093.5237655
     710.000   -1388.4216411   3517.3344247   1536.3836210   1108.8858004
     720.000   -1423.7026852   3538.8251021   1536.7315544   1124.2513883
     730.000   -1459.1971708   3560.0240483   1537.0653968   1139.6203845
     740.000   -1494.9022196   3580.9390154   1537.3858974   1154.9926518
     750.000   -1530.8150293   3601.5774529   1537.6937565   1170.3680603
     760.000   -1566.9328708   3621.9465234   1537.9896293   1185.7464870
     770.000   -1603.2530849   3642.0531168   1538.2741288   1201.1278150
     780.000   -1639.7730803   3661.9038640   1538.5478297   1216.5119336
     790.000   -1676.4903307   3681.5051495   1538.8112707   1231.8987374
     800.000   -1713.4023723   3700.8631235   1539.0649575   1247.2881265
     810.000   -1750.5068019   3719.9837130   1539.3093650   1262.6800056
     820.000   -1787.8012743   3738.8726325   1539.5449397   1278.0742843
     830.000   -1825.2835007   3757.5353941   1539.7721015   1293.4708764
     840.000   -1862.9512461   3775.9773164   1539.9912456   1308.8696996
     850.000   -1900.8023280   3794.2035339   1540.2027445   1324.2706758
     860.000   -1938.8346143   3812.2190053   1540.4069492   1339.6737302
     870.000   -1977.0460216   3830.0285209   1540.6041909   1355.0787916
     880.000   -2015.4345137   3847.6367108   1540.7947821   1370.4857919
     890.000   -2053.9980997   3865.0480514   1540.9790182   1385.8946660
     900.000   -2092.7348330   3882.2668722   1541.1571782   1401.3053520
     910.000   -2131.6428094   3899.2973622   1541.3295261   1416.7177902
     920.000   -2170.7201660   3916.1435760   1541.4963116   1432.1319240
     930.000   -2209.9650798   3932.8094392   1541.6577713   1447.5476987
     940.000   -2249.3757663   3949.2987539   1541.8141293   1462.9650624
     950.000   -2288.9504786   3965.6152038   1541.9655981   1478.3839650
     960.000   -2328.6875061   3981.7623591   1542.1123791   1493.8043587
     970.000   -2368.5851730   3997.7436811   1542.2546637   1509.2261976
     980.000   -2408.6418381   4013.5625262   1542.3926333   1524.6494376
     990.000   -2448.8558928   4029.2221508   1542.5264607   1540.0740365
    1000.000   -2489.2257609   4044.7257145   1542.6563097   1555.4999536
    1010.000   -2529.7498972   4060.0762842   1542.7823364   1570.9271499
    1020.000   -2570.4267866   4075.2768379   1542.9046892   1586.3555880
    1030.000   -2611.2549435   4090.3302674   1543.0235093   1601.7852319
    1040.000   -2652.2329109   4105.2393825   1543.1389314   1617.2160469
    1050.000   -2693.3592592   4120.0069132   1543.2510836   1632.6479997
    1060.000   -2734.6325861   4134.6355133   1543.3600883   1648.0810581
    1070.000   -2776.0515150   4149.1277629   1543.4660620   1663.5151913
    1080.000   -2817.6146952   4163.4861711   1543.5691159   1678.9503696
    1090.000   -2859.3208004   4177.7131786   1543.6693562   1694.3865643
    1100.000   -2901.1685287   4191.8111603   1543.7668844   1709.8237477
    1110.000   -2943.1566013   4205.7824275   1543.8617973   1725.2618932
    1120.000   -2985.2837623   4219.6292300   1543.9541876   1740.7009752
    1130.000   -3027.5487783   4233.3537585   1544.0441437   1756.1409689
    1140.000   -3069.9504371   4246.9581468   1544.1317504   1771.5818503
    1150.000   -3112.4875477   4260.4444730   1544.2170888   1787.0235963
    1160.000   -3155.1589397   4273.8147625   1544.3002363   1802.4661847
    1170.000   -3197.9634627   4287.0709886   1544.3812673   1817.9095940
    1180.000   -3240.8999857   4300.2150754   1544.4602530   1833.3538033
    1190.000   -3283.9673967   4313.2488984   1544.5372616   1848.7987925
    1200.000   -3327.1646022   4326.1742870   1544.6123585   1864.2445421
    1210.000   -3370.4905269   4338.9930251   1544.6856063   1879.6910335
    1220.000   -3413.9441130   4351.7068535   1544.7570653   1895.1382483
    1230.000   -3457.5243200   4364.3174707   1544.8267933   1910.5861690
    1240.000   -3501.2301240   4376.8265343   1544.8948455   1926.0347786
    1250.000   -3545.0605176   4389.2356624   1544.9612753   1941.4840605
    1260.000   -3589.0145094   4401.5464351   1545.0261338   1956.9339988
    1270.000   -3633.0911235   4413.7603950   1545.0894701   1972.3845781
    1280.000   -3677.2893996   4425.8790491   1545.1513315   1987.8357833
    1290.000   -3721.6083918   4437.9038696   1545.2117634   2003.2876000
    1300.000   -3766.0471690   4449.8362946   1545.2708094   2018.7400140
    1310.000   -3810.6048144   4461.6777298   1545.3285117   2034.1930117
    1320.000   -3855.2804249   4473.4295490   1545.3849105   2049.6465799
    1330.000   -3900.0731111   4485.0930953   1545.4400450   2065.1007057
    1340.000   -3944.9819969   4496.6696818   1545.4939525   2080.5553767
    1350.000   -3990.0062191   4508.1605925   1545.5466691   2096.0105808
    1360.000   -4035.1449274   4519.5670835   1545.5982298   2111.4663062
    1370.000   -4080.3972835   4530.8903833   1545.6486680   2126.9225416
    1380.000   -4125.7624617   4542.1316940   1545.6980160   2142.3792759
    1390.000   -4171.2396480   4553.2921917   1545.7463051   2157.8364984
    1400.000   -4216.8280400   4564.3730276   1545.7935652   2173.2941986
    1410.000   -4262.5268468   4575.3753285   1545.8398255   2188.7523664
    1420.000   -4308.3352885   4586.3001974   1545.8851138   2204.2109919
    1430.000   -4354.2525962   4597.1487145   1545.9294573   2219.6700655
    1440.000   -4400.2780118   4607.9219373   1545.9728819   2235.1295779
    1450.000   -4446.4107875   4618.6209018   1546.0154130   2250.5895202
    1460.000   -4492.6501857   4629.2466226   1546.0570748   2266.0498833
    1470.000   -4538.9954791   4639.8000938   1546.0978909   2281.5106588
    1480.000   -4585.4459500   4650.2822894   1546.1378840   2296.9718384
    1490.000   -4632.0008905   4660.6941640   1546.1770761   2312.4334138
    1500.000   -4678.6596020   4671.0366529   1546.2154883   2327.8953773
    1510.000   -4725.4213953   4681.3106731   1546.2531413   2343.3577211
    1520.000   -4772.2855902   4691.5171236   1546.2900549   2358.8204377
    1530.000   -4819.2515155   4701.6568858   1546.3262483   2374.2835198
    1540.000   -4866.3185085   4711.7308239   1546.3617401   2389.7469603
    1550.000   -4913.4859154   4721.7397856   1546.3965485   2405.2107523
    1560.000   -4960.7530904   4731.6846022   1546.4306906   2420.6748890
    1570.000   -5008.1193963   4741.5660893   1546.4641836   2436.1393639
    1580.000   -5055.5842038   4751.3850471   1546.4970437   2451.6041706
    1590.000   -5103.1468914   4761.1422605   1546.5292867   2467.0693028
    1600.000   -5150.8068457   4770.8385000   1546.5609280   2482.5347543
    1610.000   -5198.5634607   4780.4745218   1546.5919825   2498.0005194
    1620.000   -5246.4161379   4790.0510679   1546.6224646   2513.4665921
    1630.000   -5294.3642863   4799.5688669   1546.6523882   2528.9329668
    1640.000   -5342.4073218   4809.0286341   1546.6817670   2544.3996380
    1650.000   -5390.5446678   4818.4310716   1546.7106140   2559.8666004
    1660.000   -5438.7757545   4827.7768693   1546.7389421   2575.3338486
    1670.000   -5487.1000187   4837.0667043   1546.7667635   2590.8013775
    1680.000   -5535.5169042   4846.3012419   1546.7940903   2606.2691822
    1690.000   -5584.0258614   4855.4811356   1546.8209342   2621.7372577
    1700.000   -5632.6263469   4864.6070272   1546.8473064   2637.2055993
    1710.000   -5681.3178240   4873.6795476   1546.8732179   2652.6742023
    1720.000   -5730.0997620   4882.6993164   1546.8986795   2668.1430622
    1730.000   -5778.9716365   4891.6669428   1546.9237014   2683.6121744
    1740.000   -5827.9329291   4900.5830252   1546.9482937   2699.0815348
    1750.000   -5876.9831272   4909.4481521   1546.9724661   2714.5511389
    1760.000   -5926.1217242   4918.2629017   1546.9962283   2730.0209827
    1770.000   -5975.3482192   4927.0278426   1547.0195894   2745.4910621
    1780.000   -6024.6621169   4935.7435338   1547.0425584   2760.9613732
    1790.000   -6074.0629275   4944.4105249   1547.0651439   2776.4319120
    1800.000   -6123.5501669   4953.0293565   1547.0873546   2791.9026748
    1810.000   -6173.1233559   4961.6005601   1547.1091986   2807.3736579
    1820.000   -6222.7820210   4970.1246586   1547.1306840   2822.8448576
    1830.000   -6272.5256938   4978.6021662   1547.1518186   2838.3162704
    1840.000   -6322.3539108   4987.0335889   1547.1726099   2853.7878928
    1850.000   -6372.2662136   4995.4194244   1547.1930654   2869.2597215
    1860.000   -6422.2621489   5003.7601623   1547.2131923   2884.7317530
    1870.000   -6472.3412681   5012.0562847   1547.2329975   2900.2039843
    1880.000   -6522.5031275   5020.3082656   1547.2524878   2915.6764119
    1890.000   -6572.7472879   5028.5165719   1547.2716700   2931.1490330
    1900.000   -6623.0733149   5036.6816627   1547.2905504   2946.6218443
    1910.000   -6673.4807786   5044.8039904   1547.3091354   2962.0948430
    1920.000   -6723.9692536   5052.8839998   1547.3274311   2977.5680261
    1930.000   -6774.5383190   5060.9221294   1547.3454434   2993.0413907
    1940.000   -6825.1875580   5068.9188103   1547.3631782   3008.5149340
    1950.000   -6875.9165584   5076.8744676   1547.3806412   3023.9886533
    1960.000   -6926.7249120   5084.7895194   1547.3978378   3039.4625460
    1970.000   -6977.6122148   5092.6643777   1547.4147735   3054.9366092
    1980.000   -7028.5780670   5100.4994483   1547.4314535   3070.4108406
    1990.000   -7079.6220725   5108.2951306   1547.4478830   3085.8852375
    2000.000   -7130.7438396   5116.0518185   1547.4640669   3101.3597974
