       0.000     170.7795279      0.0000000      0.0000000    170.7795279
      10.000     170.7734308      2.1409024      5.7484288    170.7948399
      20.000     170.6985082     15.8731664     47.6432962    171.0159715
      30.000     170.3781436     52.6479775    151.0014469    171.9575829
      40.000     169.5555180    116.1390253    303.2363083    174.2010791
      50.000     167.9806962    201.9388766    472.4242986    178.0776401
      60.000     165.4673650    302.5844918    633.9428969    183.6224345
      70.000     161.9024138    411.2733284    776.2656428    190.6915468
      80.000     157.2318690    523.0293408    896.6599025    199.0742162
      90.000     151.4425953    634.5972095    996.5765516    208.5563442
     100.000     144.5472385    743.9991185   1078.9168283    218.9471503
     110.000     136.5736230    850.1158750   1146.7515321    230.0863693
     120.000     127.5578103    952.3768680   1202.8265358    241.8430344
     130.000     117.5397301   1050.5511558   1249.4307608    254.1113804
     140.000     106.5605094   1144.6126363   1288.4109952    266.8062785
     150.000      94.6608820   1234.6548862   1321.2354030    279.8591149
     160.000      81.8802789   1320.8380289   1349.0648673    293.2143636
     170.000      68.2563404   1403.3558960   1372.8171777    306.8268427
     180.000      53.8246872   1482.4159524   1393.2200305    320.6595586
     190.000      38.6188500   1558.2272282   1410.8530715    334.6820233
     200.000      22.6702923   1630.9932630   1426.1806038    348.8689449
     210.000       6.0084872   1700.9081824   1439.5768090    363.1992055
     220.000     -11.3389781   1768.1547232   1451.3451430    377.6550610
     230.000     -29.3462827   1832.9034571   1461.7332620    392.2215125
     240.000     -47.9892504   1895.3127407   1470.9445448    406.8858074
     250.000     -67.2452289   1955.5290911   1479.1470233    421.6370438
     260.000     -87.0929745   2013.6877990   1486.4803411    436.4658532
     270.000    -107.5125432   2069.9136582   1493.0612044    451.3641445
     280.000    -128.4851894   2124.3217397   1498.9876774    466.3248977
     290.000    -149.9932733   2177.0181641   1504.3425854    481.3419943
     300.000    -172.0201744   2228.1008468   1509.1962281    496.4100796
     310.000    -194.5502133   2277.6602000   1513.6085541    511.5244487
     320.000    -217.5685799   2325.7797860   1517.6309143    526.6809516
     330.000    -241.0612681   2372.5369186   1521.3074828    541.8759150
     340.000    -265.0150160   2418.0032130   1524.6764141    557.1060764
     350.000    -289.4172515   2462.2450860   1527.7707919    572.3685286
     360.000    -314.2560424   2505.3242106   1530.6194083    587.6606734
     370.000    -339.5200515   2547.2979275   1533.2474095    602.9801817
     380.000    -365.1984946   2588.2196173   1535.6768312    618.3249600
     390.000    -391.2811033   2628.1390373   1537.9270456    633.6931213
     400.000    -417.7580896   2667.1026257   1540.0151355    649.0829607
     410.000    -444.6201146   2705.1537774   1541.9562093    664.4929341
     420.000    -471.8582593   2742.3330927   1543.7636669    679.9216396
     430.000    -499.4639974   2778.6786031   1545.4494247    695.3678019
     440.000    -527.4291711   2814.2259754   1547.0241075    710.8302580
     450.000    -555.7459683   2849.0086975   1548.4972116    726.3079456
     460.000    -584.4069014   2883.0582467   1549.8772452    741.7998921
     470.000    -613.4047883   2916.4042427   1551.1718485    757.3052058
     480.000    -642.7327343   2949.0745866   1552.3878970    772.8230673
     490.000    -672.3841157   2981.0955884   1553.5315917    788.3527226
     500.000    -702.3525645   3012.4920823   1554.6085360    803.8934767
     510.000    -732.6319540   3043.2875329   1555.6238038    819.4446878
     520.000    -763.2163858   3073.5041314   1556.5819975    835.0057626
     530.000    -794.1001773   3103.1628844   1557.4873000    850.5761515
     540.000    -825.2778504   3132.2836952   1558.3435192    866.1553450
     550.000    -856.7441210   3160.8854380   1559.1541277    881.7428699
     560.000    -888.4938888   3188.9860266   1559.9222975    897.3382861
     570.000    -920.5222279   3216.6024771   1560.6509303    912.9411841
     580.000    -952.8243785   3243.7509661   1561.3426850    928.5511818
     590.000    -985.3957387   3270.4468842   1562.0000011    944.1679230
     600.000   -1018.2318566   3296.7048852   1562.6251205    959.7910745
     610.000   -1051.3284233   3322.5389316   1563.2201061    975.4203250
     620.000   -1084.6812665   3347.9623371   1563.7868586    991.0553826
     630.000   -1118.2863436   3372.9878056   1564.3271317   1006.6959739
     640.000   -1152.1397366   3397.6274671   1564.8425451   1022.3418424
     650.000   -1186.2376457   3421.8929117   1565.3345973   1037.9927469
     660.000   -1220.5763844   3445.7952205   1565.8046754   1053.6484611
     670.000   -1255.1523750   3469.3449948   1566.2540655   1069.3087715
     680.000   -1289.9621431   3492.5523831   1566.6839613   1084.9734774
     690.000   -1325.0023138   3515.4271062   1567.0954716   1100.6423894
     700.000   -1360.2696074   3537.9784806   1567.4896278   1116.3153290
     710.000   -1395.7608354   3560.2154406   1567.8673900   1131.9921274
     720.000   -1431.4728968   3582.1465583   1568.2296532   1147.6726251
     730.000   -1467.4027746   3603.7800632   1568.5772520   1163.3566716
     740.000   -1503.5475324   3625.1238599   1568.9109658   1179.0441239
     750.000   -1539.9043114   3646.1855446   1569.2315231   1194.7348470
     760.000   -1576.4703273   3666.9724212   1569.5396050   1210.4287128
     770.000   -1613.2428673   3687.4915155   1569.8358496   1226.1255997
     780.000   -1650.2192876   3707.7495896   1570.1208545   1241.8253923
     790.000   -1687.3970107   3727.7531543   1570.3951801   1257.5279812
     800.000   -1724.7735232   3747.5084816   1570.6593527   1273.2332621
     810.000   -1762.3463731   3767.0216162   1570.9138662   1288.9411360
     820.000   -1800.1131677   3786.2983859   1571.1591851   1304.6515088
     830.000   -1838.0715717   3805.3444123   1571.3957464   1320.3642905
     840.000   -1876.2193049   3824.1651200   1571.6239613   1336.0793959
     850.000   -1914.5541405   3842.7657456   1571.8442174   1351.7967432
     860.000   -1953.0739031   3861.1513465   1572.0568800   1367.5162549
     870.000   -1991.7764670   3879.3268088   1572.2622936   1383.2378567
     880.000   -2030.6597546   3897.2968548   1572.4607835   1398.9614777
     890.000   -2069.7217346   3915.0660504   1572.6526570   1414.6870503
     900.000   -2108.9604208   3932.6388117   1572.8382045   1430.4145098
     910.000   -2148.3738703   3950.0194116   1573.0177008   1446.1437942
     920.000   -2187.9601823   3967.2119856   1573.1914059   1461.8748445
     930.000   -2227.7174966   3984.2205381   1573.3595658   1477.6076038
     940.000   -2267.6439926   4001.0489475   1573.5224138   1493.3420181
     950.000   -2307.7378876   4017.7009714   1573.6801711   1509.0780352
     960.000   -2347.9974362   4034.1802515   1573.8330474   1524.8156052
     970.000   -2388.4209286   4050.4903187   1573.9812418   1540.5546805
     980.000   -2429.0066900   4066.6345970   1574.1249433   1556.2952151
     990.000   -2469.7530790   4082.6164081   1574.2643315   1572.0371650
    1000.000   -2510.6584873   4098.4389753   1574.3995771   1587.7804879
    1010.000   -2551.7213382   4114.1054272   1574.5308426   1603.5251433
    1020.000   -2592.9400856   4129.6188016   1574.6582823   1619.2710920
    1030.000   -2634.3132138   4144.9820490   1574.7820435   1635.0182966
    1040.000   -2675.8392358   4160.1980354   1574.9022661   1650.7667211
    1050.000   -2717.5166929   4175.2695462   1575.0190837   1666.5163306
    1060.000   -2759.3441541   4190.1992886   1575.1326235   1682.2670918
    1070.000   -2801.3202149   4204.9898948   1575.2430070   1698.0189726
    1080.000   -2843.4434968   4219.6439246   1575.3503498   1713.7719418
    1090.000   -2885.7126465   4234.1638681   1575.4547626   1729.5259698
    1100.000   -2928.1263353   4248.5521481   1575.5563510   1745.2810277
    1110.000   -2970.6832584   4262.8111227   1575.6552158   1761.0370877
    1120.000   -3013.3821344   4276.9430871   1575.7514535   1776.7941232
    1130.000   -3056.2217042   4290.9502766   1575.8451561   1792.5521084
    1140.000   -3099.2007312   4304.8348679   1575.9364120   1808.3110182
    1150.000   -3142.3180000   4318.5989815   1576.0253055   1824.0708287
    1160.000   -3185.5723162   4332.2446835   1576.1119173   1839.8315167
    1170.000   -3228.9625057   4345.7739875   1576.1963248   1855.5930597
    1180.000   -3272.4874145   4359.1888564   1576.2786022   1871.3554361
    1190.000   -3316.1459078   4372.4912039   1576.3588205   1887.1186249
    1200.000   -3359.9368697   4385.6828963   1576.4370477   1902.8826059
    1210.000   -3403.8592029   4398.7657540   1576.5133492   1918.6473594
    1220.000   -3447.9118279   4411.7415529   1576.5877876   1934.4128667
    1230.000   -3492.0936829   4424.6120261   1576.6604230   1950.1791092
    1240.000   -3536.4037230   4437.3788648   1576.7313132   1965.9460693
    1250.000   -3580.8409202   4450.0437200   1576.8005135   1981.7137298
    1260.000   -3625.4042628   4462.6082039   1576.8680773   1997.4820741
    1270.000   -3670.0927550   4475.0738906   1576.9340557   2013.2510861
    1280.000   -3714.9054165   4487.4423176   1576.9984978   2029.0207501
    1290.000   -3759.8412822   4499.7149870   1577.0614510   2044.7910511
    1300.000   -3804.8994019   4511.8933663   1577.1229608   2060.5619743
    1310.000   -3850.0788400   4523.9788898   1577.1830709   2076.3335056
    1320.000   -3895.3786749   4535.9729591   1577.2418235   2092.1056312
    1330.000   -3940.7979989   4547.8769448   1577.2992590   2107.8783377
    1340.000   -3986.3359179   4559.6921866   1577.3554166   2123.6516121
    1350.000   -4031.9915512   4571.4199949   1577.4103339   2139.4254419
    1360.000   -4077.7640307   4583.0616511   1577.4640470   2155.1998148
    1370.000   -4123.6525012   4594.6184089   1577.5165909   2170.9747189
    1380.000   -4169.6561199   4606.0914948   1577.5679994   2186.7501428
    1390.000   -4215.7740562   4617.4821090   1577.6183048   2202.5260753
    1400.000   -4262.0054911   4628.7914261   1577.6675385   2218.3025054
    1410.000   -4308.3496176   4640.0205958   1577.7157306   2234.0794226
    1420.000   -4354.8056396   4651.1707438   1577.7629104   2249.8568166
    1430.000   -4401.3727727   4662.2429722   1577.8091060   2265.6346775
    1440.000   -4448.0502430   4673.2383601   1577.8543445   2281.4129955
    1450.000   -4494.8372873   4684.1579645   1577.8986522   2297.1917613
    1460.000   -4541.7331531   4695.0028210   1577.9420545   2312.9709655
    1470.000   -4588.7370979   4705.7739438   1577.9845758   2328.7505994
    1480.000   -4635.8483895   4716.4723268   1578.0262398   2344.5306542
    1490.000   -4683.0663053   4727.0989441   1578.0670694   2360.3111214
    1500.000   -4730.3901323   4737.6547502   1578.1070867   2376.0919929
    1510.000   -4777.8191673   4748.1406807   1578.1463131   2391.8732605
    1520.000   -4825.3527161   4758.5576531   1578.1847693   2407.6549166
    1530.000   -4872.9900935   4768.9065666   1578.2224753   2423.4369534
    1540.000   -4920.7306235   4779.1883034   1578.2594506   2439.2193637
    1550.000   -4968.5736386   4789.4037282   1578.2957138   2455.0021401
    1560.000   -5016.5184799   4799.5536894   1578.3312830   2470.7852756
    1570.000   -5064.5644969   4809.6390194   1578.3661760   2486.5687635
    1580.000   -5112.7110475   4819.6605345   1578.4004098   2502.3525969
    1590.000   -5160.9574976   4829.6190359   1578.4340007   2518.1367695
    1600.000   -5209.3032208   4839.5153098   1578.4669649   2533.9212749
    1610.000   -5257.7475989   4849.3501278   1578.4993177   2549.7061068
    1620.000   -5306.2900211   4859.1242471   1578.5310743   2565.4912592
    1630.000   -5354.9298840   4868.8384112   1578.5622491   2581.2767263
    1640.000   -5403.6665919   4878.4933501   1578.5928564   2597.0625023
    1650.000   -5452.4995560   4888.0897804   1578.6229097   2612.8485816
    1660.000   -5501.4281948   4897.6284057   1578.6524224   2628.6349587
    1670.000   -5550.4519337   4907.1099174   1578.6814073   2644.4216283
    1680.000   -5599.5702050   4916.5349941   1578.7098769   2660.2085851
    1690.000   -5648.7824477   4925.9043029   1578.7378435   2675.9958242
    1700.000   -5698.0881074   4935.2184987   1578.7653187   2691.7833404
    1710.000   -5747.4866361   4944.4782252   1578.7923141   2707.5711289
    1720.000   -5796.9774924   4953.6841148   1578.8188406   2723.3591851
    1730.000   -5846.5601410   4962.8367892   1578.8449092   2739.1475042
    1740.000   -5896.2340529   4971.9368590   1578.8705302   2754.9360818
    1750.000   -5945.9987049   4980.9849247   1578.8957139   2770.7249134
    1760.000   -5995.8535800   4989.9815765   1578.9204701   2786.5139946
    1770.000   -6045.7981670   4998.9273945   1578.9448085   2802.3033214
    1780.000   -6095.8319603   5007.8229493   1578.9687385   2818.0928894
    1790.000   -6145.9544603   5016.6688017   1578.9922690   2833.8826948
    1800.000   -6196.1651725   5025.4655034   1579.0154090   2849.6727335
    1810.000   -6246.4636083   5034.2135967   1579.0381670   2865.4630017
    1820.000   -6296.8492842   5042.9136153   1579.0605514   2881.2534956
    1830.000   -6347.3217221   5051.5660840   1579.0825703   2897.0442115
    1840.000   -6397.8804491   5060.1715190   1579.1042317   2912.8351458
    1850.000   -6448.5249974   5068.7304283   1579.1255432   2928.6262950
    1860.000   -6499.2549043   5077.2433117   1579.1465123   2944.4176556
    1870.000   -6550.0697119   5085.7106610   1579.1671463   2960.2092241
    1880.000   -6600.9689673   5094.1329599   1579.1874523   2976.0009974
    1890.000   -6651.9522225   5102.5106850   1579.2074373   2991.7929721
    1900.000   -6703.0190340   5110.8443048   1579.2271079   3007.5851451
    1910.000   -6754.1689631   5119.1342808   1579.2464708   3023.3775132
    1920.000   -6805.4015756   5127.3810673   1579.2655322   3039.1700735
    1930.000   -6856.7164420   5135.5851113   1579.2842985   3054.9628229
    1940.000   -6908.1131369   5143.7468533   1579.3027756   3070.7557585
    1950.000   -6959.5912395   5151.8667266   1579.3209696   3086.5488775
    1960.000   -7011.1503333   5159.9451583   1579.3388861   3102.3421770
    1970.000   -7062.7900059   5167.9825686   1579.3565307   3118.1356543
    1980.000   -7114.5098493   5175.9793717   1579.3739090   3133.9293067
    1990.000   -7166.3094593   5183.9359753   1579.3910262   3149.7231316
    2000.000   -7218.1884361   5191.8527812   1579.4078876   3165.5171264
