       0.000      91.6662142      0.0000000      0.0000000     91.6662142
      10.000      91.6636455      0.8199019      1.8563287     91.6718445
      20.000      91.6409194      4.3454660     11.1141379     91.7278287
      30.000      91.5614690     12.3949686     31.8941345     91.9333181
      40.000      91.3759202     25.5256160     61.9144727     92.3969448
      50.000      91.0366665     42.9250926     95.3834211     93.1829211
      60.000      90.5078427     63.2026177    127.5587969     94.2999997
      70.000      89.7673662     85.0667924    156.1746333     95.7220417
      80.000      88.8044257    107.5664385    180.6903499     97.4097408
      90.000      87.6160239    130.0782179    201.3783681     99.3230635
     100.000      86.2041040    152.2225371    218.7814327    101.4263577
     110.000      84.5735314    173.7827679    233.4650909    103.6896358
     120.000      82.7307799    194.6457104    245.9273946    106.0882651
     130.000      80.6831105    214.7618847    256.5784965    108.6021556
     140.000      78.4380708    234.1202088    265.7468230    111.2149000
     150.000      76.0031956    252.7321881    273.6928928    113.9130238
     160.000      73.3858345    270.6221425    280.6234088    116.6853773
     170.000      70.5930560    287.8211994    286.7032472    119.5226599
     180.000      67.6315994    304.3636213    292.0649492    122.4170512
     190.000      64.5078551    320.2845815    296.8160021    125.3619256
     200.000      61.2278633    335.6188366    301.0443546    128.3516306
     210.000      57.7973219    350.3999603    304.8225884    131.3813136
     220.000      54.2216011    364.6599239    308.2110834    134.4467843
     230.000      50.5057599    378.4288947    311.2604399    137.5444057
     240.000      46.6545653    391.7351682    314.0133465    140.6710057
     250.000      42.6725105    404.6051811    316.5060367    143.8238058
     260.000      38.5638336    417.0635732    318.7694346    147.0003626
     270.000      34.3325345    429.1332759    320.8300663    150.1985190
     280.000      29.9823924    440.8356148    322.7107897    153.4163646
     290.000      25.5169805    452.1904166    324.4313855    156.6522013
     300.000      20.9396809    463.2161169    326.0090389    159.9045160
     310.000      16.2536979    473.9298642    327.4587340    163.1719558
     320.000      11.4620702    484.3476184    328.7935809    166.4533081
     330.000       6.5676825    494.4842442    330.0250865    169.7474831
     340.000       1.5732761    504.3535974    331.1633814    173.0534992
     350.000      -3.5185417    513.9686047    332.2174096    176.3704700
     360.000      -8.7052885    523.3413375    333.1950896    179.6975930
     370.000     -13.9845986    532.4830793    334.1034498    183.0341408
     380.000     -19.3542154    541.4043875    334.9487441    186.3794519
     390.000     -24.8119846    550.1151504    335.7365506    189.7329241
     400.000     -30.3558475    558.6246387    336.4718558    193.0940079
     410.000     -35.9838355    566.9415527    337.1591272    196.4622011
     420.000     -41.6940640    575.0740661    337.8023759    199.8370438
     430.000     -47.4847278    583.0298646    338.4052103    203.2181140
     440.000     -53.3540964    590.8161830    338.9708829    206.6050241
     450.000     -59.3005093    598.4398375    339.5023314    209.9974176
     460.000     -65.3223724    605.9072564    340.0022132    213.3949656
     470.000     -71.4181539    613.2245076    340.4729373    216.7973647
     480.000     -77.5863811    620.3973241    340.9166906    220.2043344
     490.000     -83.8256370    627.4311271    341.3354620    223.6156152
     500.000     -90.1345574    634.3310478    341.7310629    227.0309665
     510.000     -96.5118279    641.1019466    342.1051461    230.4501648
     520.000    -102.9561817    647.7484315    342.4592216    233.8730027
     530.000    -109.4663965    654.2748747    342.7946710    237.2992872
     540.000    -116.0412929    660.6854281    343.1127603    240.7288383
     550.000    -122.6797319    666.9840369    343.4146511    244.1614884
     560.000    -129.3806130    673.1744533    343.7014107    247.5970809
     570.000    -136.1428722    679.2602486    343.9740210    251.0354694
     580.000    -142.9654806    685.2448237    344.2333865    254.4765172
     590.000    -149.8474421    691.1314202    344.4803413    257.9200958
     600.000    -156.7877927    696.9231298    344.7156556    261.3660852
     610.000    -163.7855983    702.6229029    344.9400417    264.8143725
     620.000    -170.8399537    708.2335573    345.1541584    268.2648518
     630.000    -177.9499814    713.7577855    345.3586164    271.7174235
     640.000    -185.1148299    719.1981621    345.5539820    275.1719938
     650.000    -192.3336733    724.5571506    345.7407811    278.6284746
     660.000    -199.6057095    729.8371092    345.9195025    282.0867825
     670.000    -206.9301596    735.0402967    346.0906008    285.5468392
     680.000    -214.3062668    740.1688784    346.2544995    289.0085705
     690.000    -221.7332954    745.2249303    346.4115932    292.4719065
     700.000    -229.2105303    750.2104446    346.5622503    295.9367809
     710.000    -236.7372756    755.1273335    346.7068146    299.4031312
     720.000    -244.3128543    759.9774338    346.8456076    302.8708980
     730.000    -251.9366075    764.7625105    346.9789299    306.3400251
     740.000    -259.6078935    769.4842605    347.1070630    309.8104593
     750.000    -267.3260871    774.1443161    347.2302707    313.2821500
     760.000    -275.0905794    778.7442480    347.3488003    316.7550491
     770.000    -282.9007767    783.2855686    347.4628839    320.2291112
     780.000    -290.7561002    787.7697345    347.5727396    323.7042927
     790.000    -298.6559855    792.1981495    347.6785723    327.1805525
     800.000    -306.5998819    796.5721666    347.7805745    330.6578514
     810.000    -314.5872519    800.8930911    347.8789279    334.1361519
     820.000    -322.6175709    805.1621821    347.9738031    337.6154184
     830.000    -330.6903268    809.3806551    348.0653612    341.0956169
     840.000    -338.8050192    813.5496837    348.1537542    344.5767150
     850.000    -346.9611595    817.6704016    348.2391252    348.0586819
     860.000    -355.1582699    821.7439044    348.3216098    351.5414879
     870.000    -363.3958837    825.7712513    348.4013358    355.0251049
     880.000    -371.6735445    829.7534663    348.4784241    358.5095058
     890.000    -379.9908059    833.6915403    348.5529892    361.9946650
     900.000    -388.3472313    837.5864321    348.6251394    365.4805576
     910.000    -396.7423937    841.4390700    348.6949773    368.9671600
     920.000    -405.1758749    845.2503529    348.7626002    372.4544497
     930.000    -413.6472658    849.0211514    348.8281001    375.9424050
     940.000    -422.1561658    852.7523093    348.8915647    379.4310050
     950.000    -430.7021826    856.4446446    348.9530770    382.9202298
     960.000    -439.2849319    860.0989502    349.0127158    386.4100603
     970.000    -447.9040374    863.7159953    349.0705561    389.9004781
     980.000    -456.5591301    867.2965263    349.1266692    393.3914656
     990.000    -465.2498486    870.8412672    349.1811227    396.8830059
    1000.000    -473.9758385    874.3509213    349.2339813    400.3750828
    1010.000    -482.7367524    877.8261711    349.2853064    403.8676804
    1020.000    -491.5322495    881.2676798    349.3351563    407.3607840
    1030.000    -500.3619956    884.6760917    349.3835869    410.8543788
    1040.000    -509.2256631    888.0520329    349.4306514    414.3484512
    1050.000    -518.1229301    891.3961120    349.4764004    417.8429875
    1060.000    -527.0534811    894.7089208    349.5208822    421.3379749
    1070.000    -536.0170062    897.9910348    349.5641431    424.8334011
    1080.000    -545.0132013    901.2430141    349.6062272    428.3292539
    1090.000    -554.0417678    904.4654034    349.6471766    431.8255218
    1100.000    -563.1024125    907.6587330    349.6870316    435.3221938
    1110.000    -572.1948474    910.8235192    349.7258307    438.8192589
    1120.000    -581.3187894    913.9602647    349.7636107    442.3167070
    1130.000    -590.4739608    917.0694590    349.8004069    445.8145279
    1140.000    -599.6600884    920.1515792    349.8362530    449.3127119
    1150.000    -608.8769037    923.2070901    349.8711813    452.8112499
    1160.000    -618.1241430    926.2364445    349.9052229    456.3101326
    1170.000    -627.4015469    929.2400841    349.9384073    459.8093515
    1180.000    -636.7088604    932.2184393    349.9707630    463.3088980
    1190.000    -646.0458328    935.1719301    350.0023173    466.8087641
    1200.000    -655.4122175    938.1009660    350.0330963    470.3089418
    1210.000    -664.8077719    941.0059466    350.0631252    473.8094235
    1220.000    -674.2322575    943.8872618    350.0924281    477.3102019
    1230.000    -683.6854395    946.7452921    350.1210280    480.8112697
    1240.000    -693.1670870    949.5804090    350.1489473    484.3126201
    1250.000    -702.6769726    952.3929752    350.1762073    487.8142465
    1260.000    -712.2148725    955.1833450    350.2028286    491.3161422
    1270.000    -721.7805666    957.9518642    350.2288308    494.8183010
    1280.000    -731.3738381    960.6988710    350.2542330    498.3207168
    1290.000    -740.9944734    963.4246954    350.2790535    501.8233837
    1300.000    -750.6422625    966.1296603    350.3033098    505.3262960
    1310.000    -760.3169982    968.8140811    350.3270188    508.8294481
    1320.000    -770.0184766    971.4782661    350.3501969    512.3328346
    1330.000    -779.7464970    974.1225168    350.3728597    515.8364503
    1340.000    -789.5008615    976.7471281    350.3950224    519.3402901
    1350.000    -799.2813751    979.3523883    350.4166995    522.8443491
    1360.000    -809.0878457    981.9385796    350.4379051    526.3486225
    1370.000    -818.9200840    984.5059779    350.4586527    529.8531057
    1380.000    -828.7779035    987.0548533    350.4789554    533.3577941
    1390.000    -838.6611202    989.5854702    350.4988258    536.8626833
    1400.000    -848.5695529    992.0980872    350.5182760    540.3677692
    1410.000    -858.5030228    994.5929577    350.5373178    543.8730475
    1420.000    -868.4613538    997.0703296    350.5559625    547.3785142
    1430.000    -878.4443719    999.5304457    350.5742210    550.8841655
    1440.000    -888.4519059   1001.9735440    350.5921040    554.3899974
    1450.000    -898.4837868   1004.3998574    350.6096216    557.8960063
    1460.000    -908.5398479   1006.8096141    350.6267837    561.4021886
    1470.000    -918.6199247   1009.2030378    350.6435997    564.9085408
    1480.000    -928.7238549   1011.5803476    350.6600791    568.4150595
    1490.000    -938.8514786   1013.9417584    350.6762306    571.9217413
    1500.000    -949.0026378   1016.2874806    350.6920628    575.4285831
    1510.000    -959.1771766   1018.6177207    350.7075842    578.9355816
    1520.000    -969.3749413   1020.9326809    350.7228027    582.4427337
    1530.000    -979.5957800   1023.2325599    350.7377263    585.9500366
    1540.000    -989.8395429   1025.5175521    350.7523623    589.4574873
    1550.000   -1000.1060820   1027.7878484    350.7667183    592.9650829
    1560.000   -1010.3952515   1030.0436361    350.7808012    596.4728208
    1570.000   -1020.7069070   1032.2850988    350.7946180    599.9806981
    1580.000   -1031.0409063   1034.5124168    350.8081753    603.4887123
    1590.000   -1041.3971088   1036.7257670    350.8214794    606.9968607
    1600.000   -1051.7753757   1038.9253229    350.8345368    610.5051410
    1610.000   -1062.1755698   1041.1112550    350.8473534    614.0135507
    1620.000   -1072.5975559   1043.2837304    350.8599351    617.5220873
    1630.000   -1083.0412001   1045.4429133    350.8722876    621.0307486
    1640.000   -1093.5063704   1047.5889651    350.8844164    624.5395323
    1650.000   -1103.9929362   1049.7220439    350.8963270    628.0484362
    1660.000   -1114.5007686   1051.8423052    350.9080244    631.5574581
    1670.000   -1125.0297401   1053.9499019    350.9195137    635.0665960
    1680.000   -1135.5797249   1056.0449837    350.9307999    638.5758477
    1690.000   -1146.1505985   1058.1276982    350.9418876    642.0852113
    1700.000   -1156.7422381   1060.1981900    350.9527815    645.5946848
    1710.000   -1167.3545221   1062.2566014    350.9634862    649.1042663
    1720.000   -1177.9873303   1064.3030723    350.9740058    652.6139540
    1730.000   -1188.6405442   1066.3377399    350.9843448    656.1237459
    1740.000   -1199.3140462   1068.3607394    350.9945071    659.6336403
    1750.000   -1210.0077205   1070.3722034    351.0044967    663.1436354
    1760.000   -1220.7214523   1072.3722625    351.0143177    666.6537296
    1770.000   -1231.4551282   1074.3610449    351.0239736    670.1639212
    1780.000   -1242.2086360   1076.3386767    351.0334683    673.6742086
    1790.000   -1252.9818649   1078.3052821    351.0428052    677.1845901
    1800.000   -1263.7747053   1080.2609830    351.0519878    680.6950642
    1810.000   -1274.5870487   1082.2058994    351.0610196    684.2056293
    1820.000   -1285.4187877   1084.1401493    351.0699037    687.7162841
    1830.000   -1296.2698165   1086.0638488    351.0786435    691.2270269
    1840.000   -1307.1400299   1087.9771122    351.0872419    694.7378565
    1850.000   -1318.0293243   1089.8800517    351.0957020    698.2487713
    1860.000   -1328.9375969   1091.7727779    351.1040268    701.7597700
    1870.000   -1339.8647462   1093.6553998    351.1122192    705.2708514
    1880.000   -1350.8106716   1095.5280243    351.1202819    708.7820140
    1890.000   -1361.7752737   1097.3907568    351.1282176    712.2932566
    1900.000   -1372.7584541   1099.2437011    351.1360290    715.8045779
    1910.000   -1383.7601154   1101.0869593    351.1437186    719.3159768
    1920.000   -1394.7801613   1102.9206319    351.1512891    722.8274519
    1930.000   -1405.8184965   1104.7448179    351.1587428    726.3390022
    1940.000   -1416.8750264   1106.5596148    351.1660821    729.8506264
    1950.000   -1427.9496578   1108.3651186    351.1733093    733.3623234
    1960.000   -1439.0422981   1110.1614236    351.1804268    736.8740922
    1970.000   -1450.1528559   1111.9486231    351.1874367    740.3859316
    1980.000   -1461.2812405   1113.7268086    351.1943411    743.8978406
    1990.000   -1472.4273623   1115.4960706    351.2011423    747.4098181
    2000.000   -1483.5911325   1117.2564978    351.2078421    750.9218631