       0.000    1754.0891852      0.0000000      0.0000000   1754.0891852
      10.000    1754.0737940      5.2438195     13.6877261   1754.1262322
      20.000    1753.8981337     36.2543651    102.7074853   1754.6232210
      30.000    1753.2057796    109.3465076    281.8323095   1756.4861748
      40.000    1751.5811329    221.3509155    514.2855899   1760.4351696
      50.000    1748.6775249    363.7915013    775.6424953   1766.8670999
      60.000    1744.2278219    529.5274056   1052.5061541   1775.9994662
      70.000    1738.0281434    712.9442167   1334.5231195   1787.9342386
      80.000    1729.9255456    909.4023012   1612.9531670   1802.6777297
      90.000    1719.8097322   1114.9920343   1881.1791344   1820.1590153
     100.000    1707.6061542   1326.4680847   2134.9722563   1840.2529627
     110.000    1693.2695318   1541.2149652   2372.2338741   1862.8031780
     120.000    1676.7778125   1757.1911055   2592.4609408   1887.6407452
     130.000    1658.1268122   1972.8500418   2796.1826937   1914.5973176
     140.000    1637.3257030   2187.0522635   2984.4983281   1943.5130199
     150.000    1614.3933752   2398.9801847   3158.7505109   1974.2404029
     160.000    1589.3556017   2608.0635212   3320.3204487   2006.6457651
     170.000    1562.2428835   2813.9177745   3470.5139366   2040.6089052
     180.000    1533.0888451   3016.2956533   3610.5081846   2076.0220627
     190.000    1501.9290573   3215.0498492   3741.3356477   2112.7885287
     200.000    1468.8001836   3410.1051174   3863.8882885   2150.8212070
     210.000    1433.7393681   3601.4376551   3978.9316586   2190.0412756
     220.000    1396.7838004   3789.0600368   4087.1224903   2230.3770085
     230.000    1357.9704097   3973.0102933   4189.0263360   2271.7627771
     240.000    1317.3356509   4153.3440378   4285.1335690   2314.1382200
     250.000    1274.9153597   4330.1288080   4375.8730891   2357.4475617
     260.000    1230.7446539   4503.4400099   4461.6236483   2401.6390564
     270.000    1184.8578704   4673.3580142   4542.7229854   2446.6645343
     280.000    1137.2885269   4839.9660771   4619.4750778   2492.4790284
     290.000    1088.0692999   5003.3488533   4692.1558374   2539.0404674
     300.000    1037.2320174   5163.5913330   4761.0175600   2586.3094173
     310.000     984.8076589   5320.7780816   4826.2923954   2634.2488642
     320.000     930.8263627   5474.9926988   4888.1950585   2682.8240263
     330.000     875.3174377   5626.3174343   4946.9249613   2732.0021910
     340.000     818.3093780   5774.8329187   5002.6679049   2781.7525704
     350.000     759.8298805   5920.6179766   5055.5974401   2832.0461723
     360.000     699.9058634   6063.7495008   5105.8759788   2882.8556837
     370.000     638.5634858   6204.3023725   5153.6557187   2934.1553636
     380.000     575.8281684   6342.3494135   5199.0794270   2985.9209456
     390.000     511.7246142   6477.9613643   5242.2811184   3038.1295463
     400.000     446.2768290   6611.2068813   5283.3866511   3090.7595816
     410.000     379.5081426   6742.1525476   5322.5142605   3143.7906871
     420.000     311.4412289   6870.8628949   5359.7750426   3197.2036448
     430.000     242.0981271   6997.4004342   5395.2733984   3250.9803139
     440.000     171.5002610   7121.8256926   5429.1074443   3305.1035657
     450.000      99.6684587   7244.1972540   5461.3693946   3359.5572230
     460.000      26.6229724   7364.5718052   5492.1459198   3414.3260028
     470.000     -47.6165037   7483.0041825   5521.5184828   3469.3954621
     480.000    -123.0308143   7599.5474221   5549.5636554   3524.7519483
     490.000    -199.6013261   7714.2528104   5576.3534163   3580.3825510
     500.000    -277.3099099   7827.1699355   5601.9554324   3636.2750579
     510.000    -356.1389239   7938.3467390   5626.4333232   3692.4179130
     520.000    -436.0711982   8047.8295679   5649.8469109   3748.8001771
     530.000    -517.0900182   8155.6632257   5672.2524551   3805.4114914
     540.000    -599.1791100   8261.8910237   5693.7028742   3862.2420428
     550.000    -682.3226256   8366.5548309   5714.2479539   3919.2825314
     560.000    -766.5051284   8469.6951231   5733.9345421   3976.5241405
     570.000    -851.7115802   8571.3510318   5752.8067335   4033.9585079
     580.000    -937.9273274   8671.5603906   5770.9060416   4091.5776992
     590.000   -1025.1380883   8770.3597819   5788.2715606   4149.3741830
     600.000   -1113.3299412   8867.7845810   5804.9401172   4207.3408074
     610.000   -1202.4893121   8963.8690002   5820.9464126   4265.4707780
     620.000   -1292.6029636   9058.6461307   5836.3231557   4323.7576374
     630.000   -1383.6579839   9152.1479834   5851.1011877   4382.1952457
     640.000   -1475.6417757   9244.4055286   5865.3095988   4440.7777626
     650.000   -1568.5420468   9335.4487343   5878.9758370   4499.4996306
     660.000   -1662.3467994   9425.3066030   5892.1258105   4558.3555586
     670.000   -1757.0443214   9514.0072074   5904.7839826   4617.3405076
     680.000   -1852.6231767   9601.5777247   5916.9734618   4676.4496761
     690.000   -1949.0721967   9688.0444698   5928.7160841   4735.6784874
     700.000   -2046.3804719   9773.4329272   5940.0324918   4795.0225772
     710.000   -2144.5373433   9857.7677818   5950.9422061   4854.4777817
     720.000   -2243.5323953   9941.0729481   5961.4636951   4914.0401273
     730.000   -2343.3554473  10023.3715990   5971.6144376   4973.7058199
     740.000   -2443.9965472  10104.6861928   5981.4109829   5033.4712355
     750.000   -2545.4459636  10185.0384999   5990.8690060   5093.3329113
     760.000   -2647.6941800  10264.4496274   6000.0033601   5153.2875368
     770.000   -2750.7318872  10342.9400439   6008.8281253   5213.3319466
     780.000   -2854.5499781  10420.5296026   6017.3566539   5273.4631120
     790.000   -2959.1395407  10497.2375635   6025.6016130   5333.6781345
     800.000   -3064.4918530  10573.0826152   6033.5750252   5393.9742391
     810.000   -3170.5983771  10648.0828952   6041.2883048   5454.3487680
     820.000   -3277.4507538  10722.2560099   6048.7522937   5514.7991743
     830.000   -3385.0407972  10795.6190535   6055.9772939   5575.3230173
     840.000   -3493.3604900  10868.1886265   6062.9730982   5635.9179563
     850.000   -3602.4019786  10939.9808528   6069.7490187   5696.5817463
     860.000   -3712.1575682  11011.0113970   6076.3139145   5757.3122333
     870.000   -3822.6197184  11081.2954801   6082.6762164   5818.1073493
     880.000   -3933.7810389  11150.8478954   6088.8439506   5878.9651091
     890.000   -4045.6342854  11219.6830232   6094.8247616   5939.8836053
     900.000   -4158.1723551  11287.8148451   6100.6259326   6000.8610055
     910.000   -4271.3882833  11355.2569578   6106.2544052   6061.8955483
     920.000   -4385.2752393  11422.0225863   6111.7167979   6122.9855401
     930.000   -4499.8265230  11488.1245965   6117.0194237   6184.1293518
     940.000   -4615.0355610  11553.5755075   6122.1683060   6245.3254161
     950.000   -4730.8959034  11618.3875032   6127.1691941   6306.5722246
     960.000   -4847.4012209  11682.5724436   6132.0275777   6367.8683250
     970.000   -4964.5453007  11746.1418756   6136.7487003   6429.2123187
     980.000   -5082.3220442  11809.1070433   6141.3375723   6490.6028582
     990.000   -5200.7254638  11871.4788981   6145.7989826   6552.0386453
    1000.000   -5319.7496800  11933.2681083   6150.1375101   6613.5184283
    1010.000   -5439.3889185  11994.4850683   6154.3575346   6675.0410005
    1020.000   -5559.6375077  12055.1399075   6158.4632466   6736.6051979
    1030.000   -5680.4898759  12115.2424987   6162.4586569   6798.2098977
    1040.000   -5801.9405490  12174.8024665   6166.3476056   6859.8540162
    1050.000   -5923.9841478  12233.8291953   6170.1337703   6921.5365073
    1060.000   -6046.6153859  12292.3318365   6173.8206746   6983.2563608
    1070.000   -6169.8290673  12350.3193163   6177.4116952   7045.0126012
    1080.000   -6293.6200841  12407.8003426   6180.9100689   7106.8042859
    1090.000   -6417.9834143  12464.7834114   6184.3189000   7168.6305041
    1100.000   -6542.9141201  12521.2768141   6187.6411661   7230.4903753
    1110.000   -6668.4073454  12577.2886430   6190.8797241   7292.3830484
    1120.000   -6794.4583141  12632.8267982   6194.0373162   7354.3076999
    1130.000   -6921.0623282  12687.8989927   6197.1165752   7416.2635336
    1140.000   -7048.2147659  12742.5127585   6200.1200296   7478.2497788
    1150.000   -7175.9110798  12796.6754517   6203.0501082   7540.2656896
    1160.000   -7304.1467953  12850.3942581   6205.9091450   7602.3105441
    1170.000   -7432.9175088  12903.6761983   6208.6993834   7664.3836432
    1180.000   -7562.2188859  12956.5281319   6211.4229805   7726.4843097
    1190.000   -7692.0466604  13008.9567630   6214.0820105   7788.6118876
    1200.000   -7822.3966320  13060.9686445   6216.6784689   7850.7657413
    1210.000   -7953.2646655  13112.5701821   6219.2142760   7912.9452548
    1220.000   -8084.6466888  13163.7676390   6221.6912797   7975.1498308
    1230.000   -8216.5386918  13214.5671399   6224.1112596   8037.3788903
    1240.000   -8348.9367250  13264.9746748   6226.4759289   8099.6318717
    1250.000   -8481.8368983  13314.9961027   6228.7869382   8161.9082301
    1260.000   -8615.2353792  13364.6371556   6231.0458776   8224.2074369
    1270.000   -8749.1283922  13413.9034420   6233.2542797   8286.5289792
    1280.000   -8883.5122171  13462.8004500   6235.4136218   8348.8723589
    1290.000   -9018.3831882  13511.3335511   6237.5253283   8411.2370928
    1300.000   -9153.7376926  13559.5080030   6239.5907729   8473.6227113
    1310.000   -9289.5721699  13607.3289530   6241.6112809   8536.0287585
    1320.000   -9425.8831102  13654.8014406   6243.5881309   8598.4547914
    1330.000   -9562.6670536  13701.9304010   6245.5225570   8660.9003797
    1340.000   -9699.9205892  13748.7206674   6247.4157505   8723.3651051
    1350.000   -9837.6403538  13795.1769740   6249.2688617   8785.8485611
    1360.000   -9975.8230310  13841.3039584   6251.0830014   8848.3503524
    1370.000  -10114.4653504  13887.1061644   6252.8592429   8910.8700948
    1380.000  -10253.5640865  13932.5880442   6254.5986230   8973.4074144
    1390.000  -10393.1160580  13977.7539610   6256.3021437   9035.9619477
    1400.000  -10533.1181268  14022.6081913   6257.9707735   9098.5333410
    1410.000  -10673.5671969  14067.1549269   6259.6054491   9161.1212500
    1420.000  -10814.4602140  14111.3982774   6261.2070758   9223.7253398
    1430.000  -10955.7941646  14155.3422720   6262.7765297   9286.3452843
    1440.000  -11097.5660748  14198.9908617   6264.3146581   9348.9807660
    1450.000  -11239.7730101  14242.3479213   6265.8222810   9411.6314758
    1460.000  -11382.4120741  14285.4172512   6267.3001920   9474.2971126
    1470.000  -11525.4804084  14328.2025793   6268.7491591   9536.9773832
    1480.000  -11668.9751913  14370.7075629   6270.1699263   9599.6720018
    1490.000  -11812.8936372  14412.9357901   6271.5632137   9662.3806901
    1500.000  -11957.2329963  14454.8907820   6272.9297189   9725.1031768
    1510.000  -12101.9905536  14496.5759940   6274.2701179   9787.8391974
    1520.000  -12247.1636282  14537.9948174   6275.5850654   9850.5884943
    1530.000  -12392.7495730  14579.1505811   6276.8751960   9913.3508160
    1540.000  -12538.7457739  14620.0465529   6278.1411250   9976.1259175
    1550.000  -12685.1496488  14660.6859411   6279.3834486  10038.9135598
    1560.000  -12831.9586479  14701.0718959   6280.6027452  10101.7135098
    1570.000  -12979.1702523  14741.2075109   6281.7995755  10164.5255399
    1580.000  -13126.7819738  14781.0958241   6282.9744837  10227.3494282
    1590.000  -13274.7913544  14820.7398192   6284.1279974  10290.1849582
    1600.000  -13423.1959656  14860.1424276   6285.2606288  10353.0319185
    1610.000  -13571.9934079  14899.3065284   6286.3728749  10415.8901028
    1620.000  -13721.1813105  14938.2349508   6287.4652181  10478.7593097
    1630.000  -13870.7573306  14976.9304743   6288.5381268  10541.6393424
    1640.000  -14020.7191528  15015.3958304   6289.5920558  10604.5300090
    1650.000  -14171.0644889  15053.6337035   6290.6274466  10667.4311218
    1660.000  -14321.7910774  15091.6467319   6291.6447284  10730.3424975
    1670.000  -14472.8966827  15129.4375090   6292.6443178  10793.2639573
    1680.000  -14624.3790952  15167.0085842   6293.6266197  10856.1953263
    1690.000  -14776.2361305  15204.3624638   6294.5920276  10919.1364334
    1700.000  -14928.4656288  15241.5016121   6295.5409240  10982.0871118
    1710.000  -15081.0654550  15278.4284521   6296.4736805  11045.0471981
    1720.000  -15234.0334981  15315.1453668   6297.3906587  11108.0165328
    1730.000  -15387.3676704  15351.6546996   6298.2922098  11170.9949599
    1740.000  -15541.0659078  15387.9587555   6299.1786758  11233.9823267
    1750.000  -15695.1261688  15424.0598017   6300.0503889  11296.9784842
    1760.000  -15849.5464346  15459.9600687   6300.9076726  11359.9832864
    1770.000  -16004.3247082  15495.6617508   6301.7508415  11422.9965906
    1780.000  -16159.4590148  15531.1670068   6302.5802017  11486.0182572
    1790.000  -16314.9474007  15566.4779611   6303.3960513  11549.0481496
    1800.000  -16470.7879334  15601.5967042   6304.1986801  11612.0861342
    1810.000  -16626.9787010  15636.5252934   6304.9883706  11675.1320801
    1820.000  -16783.5178121  15671.2657536   6305.7653976  11738.1858594
    1830.000  -16940.4033956  15705.8200778   6306.5300288  11801.2473467
    1840.000  -17097.6335998  15740.1902279   6307.2825247  11864.3164195
    1850.000  -17255.2065927  15774.3781353   6308.0231394  11927.3929576
    1860.000  -17413.1205613  15808.3857015   6308.7521201  11990.4768435
    1870.000  -17571.3737118  15842.2147988   6309.4697078  12053.5679620
    1880.000  -17729.9642686  15875.8672708   6310.1761373  12116.6662005
    1890.000  -17888.8904745  15909.3449327   6310.8716375  12179.7714484
    1900.000  -18048.1505905  15942.6495726   6311.5564312  12242.8835975
    1910.000  -18207.7428951  15975.7829514   6312.2307360  12306.0025420
    1920.000  -18367.6656844  16008.7468033   6312.8947637  12369.1281780
    1930.000  -18527.9172718  16041.5428370   6313.5487209  12432.2604037
    1940.000  -18688.4959874  16074.1727355   6314.1928093  12495.3991195
    1950.000  -18849.4001782  16106.6381569   6314.8272252  12558.5442277
    1960.000  -19010.6282077  16138.9407348   6315.4521603  12621.6956324
    1970.000  -19172.1784555  16171.0820789   6316.0678016  12684.8532399
    1980.000  -19334.0493171  16203.0637754   6316.6743316  12748.0169581
    1990.000  -19496.2392040  16234.8873873   6317.2719282  12811.1866967
    2000.000  -19658.7465431  16266.5544553   6317.8607650  12874.3623674
