       0.000     197.0693789      0.0000000      0.0000000    197.0693789
      10.000     197.0589194      2.8026735      4.9552270    197.0869461
      20.000     196.9935446     11.9246578     29.9366361    197.2320378
      30.000     196.7692902     36.3157248    105.4172135    197.8587619
      40.000     196.1914992     83.0765633    232.0440687    199.5145618
      50.000     195.0379475    150.6353355    379.9868944    202.5697142
      60.000     193.1301207    232.8067873    523.6862084    207.0985280
      70.000     190.3541423    323.3359272    650.9495376    212.9876572
      80.000     186.6514477    417.5056546    758.6596662    220.0519000
      90.000     182.0024562    512.1872877    847.9511298    228.0993121
     100.000     176.4124981    605.4567949    921.4225557    236.9581776
     110.000     169.9017803    696.2053435    981.8645557    246.4843681
     120.000     162.4987827    783.8470150   1031.7789597    256.5604245
     130.000     154.2360860    868.1212937   1073.2518521    267.0918542
     140.000     145.1478031    948.9654864   1107.9660946    278.0029712
     150.000     135.2680357   1026.4340000   1137.2588784    289.2331357
     160.000     124.6299759   1100.6477873   1162.1862016    300.7336219
     170.000     113.2654105   1171.7628985   1183.5807769    312.4651033
     180.000     101.2044748   1239.9510724   1202.0999301    324.3956678
     190.000      88.4755598   1305.3879103   1218.2638030    336.4992628
     200.000      75.1053122   1368.2458324   1232.4853211    348.7544786
     210.000      61.1186878   1428.6900523   1245.0935368    361.1435988
     220.000      46.5390360   1486.8764505   1256.3517726    373.6518551
     230.000      31.3881983   1542.9506352   1266.4717208    386.2668444
     240.000      15.6866125   1597.0477352   1275.6244162    398.9780689
     250.000      -0.5465835   1649.2926317   1283.9487872    411.7765745
     260.000     -17.2934509   1699.8004424   1291.5583317    424.6546641
     270.000     -34.5371562   1748.6771381   1298.5463400    437.6056711
     280.000     -52.2618825   1796.0202153   1304.9899868    450.6237778
     290.000     -70.4527483   1841.9193791   1310.9535459    463.7038717
     300.000     -89.0957330   1886.4572067   1316.4909184    476.8414290
     310.000    -108.1776089   1929.7097767   1321.6476288    490.0324219
     320.000    -127.6858788   1971.7472539   1326.4624017    503.2732424
     330.000    -147.6087201   2012.6344285   1330.9684134    516.5606413
     340.000    -167.9349332   2052.4312075   1335.1942871    529.8916773
     350.000    -188.6538950   2091.1930612   1339.1648870    543.2636764
     360.000    -209.7555165   2128.9714263   1342.9019553    556.6741969
     370.000    -231.2302048   2165.8140701   1346.4246237    570.1210011
     380.000    -253.0688273   2201.7654176   1349.7498273    583.6020314
     390.000    -275.2626804   2236.8668469   1352.8926408    597.1153899
     400.000    -297.8034601   2271.1569536   1355.8665520    610.6593213
     410.000    -320.6832355   2304.6717901   1358.6836870    624.2321985
     420.000    -343.8944243   2337.4450796   1361.3549957    637.8325091
     430.000    -367.4297708   2369.5084099   1363.8904055    651.4588455
     440.000    -391.2823250   2400.8914077   1366.2989498    665.1098944
     450.000    -415.4454241   2431.6218961   1368.5888761    678.7844292
     460.000    -439.9126752   2461.7260370   1370.7677366    692.4813018
     470.000    -464.6779393   2491.2284598   1372.8424662    706.1994368
     480.000    -489.7353162   2520.1523782   1374.8194487    719.9378253
     490.000    -515.0791316   2548.5196965   1376.7045734    733.6955197
     500.000    -540.7039239   2576.3511054   1378.5032849    747.4716288
     510.000    -566.6044327   2603.6661703   1380.2206259    761.2653142
     520.000    -592.7755880   2630.4834110   1381.8612747    775.0757857
     530.000    -619.2125001   2656.8203748   1383.4295785    788.9022986
     540.000    -645.9104501   2682.6937033   1384.9295820    802.7441497
     550.000    -672.8648815   2708.1191938   1386.3650541    816.6006751
     560.000    -700.0713913   2733.1118548   1387.7395104    830.4712474
     570.000    -727.5257234   2757.6859585   1389.0562344    844.3552729
     580.000    -755.2237607   2781.8550871   1390.3182955    858.2521899
     590.000    -783.1615185   2805.6321774   1391.5285661    872.1614662
     600.000    -811.3351386   2829.0295602   1392.6897368    886.0825976
     610.000    -839.7408832   2852.0589982   1393.8043297    900.0151057
     620.000    -868.3751295   2874.7317199   1394.8747116    913.9585368
     630.000    -897.2343644   2897.0584514   1395.9031043    927.9124600
     640.000    -926.3151795   2919.0494459   1396.8915962    941.8764659
     650.000    -955.6142669   2940.7145113   1397.8421507    955.8501655
     660.000    -985.1284146   2962.0630352   1398.7566156    969.8331886
     670.000   -1014.8545025   2983.1040086   1399.6367308    983.8251833
     680.000   -1044.7894984   3003.8460480   1400.4841356    997.8258142
     690.000   -1074.9304546   3024.2974155   1401.3003757   1011.8347621
     700.000   -1105.2745043   3044.4660385   1402.0869091   1025.8517227
     710.000   -1135.8188583   3064.3595270   1402.8451123   1039.8764059
     720.000   -1166.5608021   3083.9851902   1403.5762852   1053.9085349
     730.000   -1197.4976928   3103.3500525   1404.2816562   1067.9478456
     740.000   -1228.6269563   3122.4608678   1404.9623867   1081.9940859
     750.000   -1259.9460850   3141.3241331   1405.6195755   1096.0470148
     760.000   -1291.4526347   3159.9461014   1406.2542624   1110.1064024
     770.000   -1323.1442228   3178.3327937   1406.8674324   1124.1720284
     780.000   -1355.0185257   3196.4900104   1407.4600185   1138.2436824
     790.000   -1387.0732767   3214.4233415   1408.0329049   1152.3211631
     800.000   -1419.3062642   3232.1381773   1408.5869304   1166.4042776
     810.000   -1451.7153293   3249.6397170   1409.1228909   1180.4928415
     820.000   -1484.2983643   3266.9329781   1409.6415416   1194.5866778
     830.000   -1517.0533108   3284.0228046   1410.1436000   1208.6856170
     840.000   -1549.9781579   3300.9138746   1410.6297475   1222.7894967
     850.000   -1583.0709408   3317.6107081   1411.1006319   1236.8981611
     860.000   -1616.3297392   3334.1176741   1411.5568692   1251.0114606
     870.000   -1649.7526755   3350.4389967   1411.9990454   1265.1292516
     880.000   -1683.3379139   3366.5787618   1412.4277183   1279.2513965
     890.000   -1717.0836588   3382.5409230   1412.8434188   1293.3777627
     900.000   -1750.9881532   3398.3293072   1413.2466527   1307.5082233
     910.000   -1785.0496780   3413.9476196   1413.6379018   1321.6426558
     920.000   -1819.2665506   3429.3994495   1414.0176258   1335.7809429
     930.000   -1853.6371237   3444.6882743   1414.3862625   1349.9229714
     940.000   -1888.1597840   3459.8174645   1414.7442300   1364.0686326
     950.000   -1922.8329517   3474.7902879   1415.0919271   1378.2178218
     960.000   -1957.6550791   3489.6099138   1415.4297346   1392.3704382
     970.000   -1992.6246496   3504.2794168   1415.7580163   1406.5263847
     980.000   -2027.7401770   3518.8017805   1416.0771195   1420.6855679
     990.000   -2063.0002044   3533.1799010   1416.3873763   1434.8478976
    1000.000   -2098.4033036   3547.4165906   1416.6891043   1449.0132870
    1010.000   -2133.9480739   3561.5145804   1416.9826071   1463.1816523
    1020.000   -2169.6331417   3575.4765239   1417.2681754   1477.3529127
    1030.000   -2205.4571595   3589.3049998   1417.5460870   1491.5269903
    1040.000   -2241.4188052   3603.0025144   1417.8166083   1505.7038098
    1050.000   -2277.5167814   3616.5715048   1418.0799942   1519.8832987
    1060.000   -2313.7498148   3630.0143410   1418.3364890   1534.0653867
    1070.000   -2350.1166554   3643.3333286   1418.5863268   1548.2500062
    1080.000   -2386.6160760   3656.5307109   1418.8297319   1562.4370918
    1090.000   -2423.2468715   3669.6086713   1419.0669196   1576.6265802
    1100.000   -2460.0078584   3682.5693351   1419.2980963   1590.8184102
    1110.000   -2496.8978742   3695.4147719   1419.5234600   1605.0125227
    1120.000   -2533.9157765   3708.1469974   1419.7432010   1619.2088606
    1130.000   -2571.0604433   3720.7679751   1419.9575016   1633.4073686
    1140.000   -2608.3307716   3733.2796181   1420.1665372   1647.6079931
    1150.000   -2645.7256774   3745.6837911   1420.3704762   1661.8106824
    1160.000   -2683.2440952   3757.9823116   1420.5694805   1676.0153862
    1170.000   -2720.8849774   3770.1769516   1420.7637055   1690.2220560
    1180.000   -2758.6472938   3782.2694395   1420.9533009   1704.4306449
    1190.000   -2796.5300313   3794.2614608   1421.1384105   1718.6411071
    1200.000   -2834.5321936   3806.1546601   1421.3191727   1732.8533986
    1210.000   -2872.6528004   3817.9506421   1421.4957207   1747.0674765
    1220.000   -2910.8908876   3829.6509729   1421.6681826   1761.2832994
    1230.000   -2949.2455062   3841.2571814   1421.8366818   1775.5008269
    1240.000   -2987.7157224   3852.7707602   1422.0013373   1789.7200202
    1250.000   -3026.3006175   3864.1931670   1422.1622634   1803.9408413
    1260.000   -3064.9992866   3875.5258254   1422.3195705   1818.1632534
    1270.000   -3103.8108394   3886.7701263   1422.4733649   1832.3872210
    1280.000   -3142.7343992   3897.9274285   1422.6237492   1846.6127093
    1290.000   -3181.7691025   3908.9990600   1422.7708220   1860.8396849
    1300.000   -3220.9140991   3919.9863186   1422.9146788   1875.0681151
    1310.000   -3260.1685518   3930.8904732   1423.0554115   1889.2979681
    1320.000   -3299.5316357   3941.7127643   1423.1931088   1903.5292132
    1330.000   -3339.0025383   3952.4544050   1423.3278564   1917.7618204
    1340.000   -3378.5804589   3963.1165818   1423.4597370   1931.9957607
    1350.000   -3418.2646089   3973.7004554   1423.5888303   1946.2310059
    1360.000   -3458.0542108   3984.2071611   1423.7152135   1960.4675283
    1370.000   -3497.9484986   3994.6378102   1423.8389611   1974.7053014
    1380.000   -3537.9467171   4004.9934899   1423.9601451   1988.9442990
    1390.000   -3578.0481221   4015.2752647   1424.0788350   2003.1844959
    1400.000   -3618.2519795   4025.4841765   1424.1950980   2017.4258676
    1410.000   -3658.5575661   4035.6212455   1424.3089993   2031.6683900
    1420.000   -3698.9641683   4045.6874706   1424.4206015   2045.9120399
    1430.000   -3739.4710826   4055.6838302   1424.5299657   2060.1567946
    1440.000   -3780.0776152   4065.6112828   1424.6371506   2074.4026320
    1450.000   -3820.7830817   4075.4707671   1424.7422132   2088.6495305
    1460.000   -3861.5868071   4085.2632030   1424.8452085   2102.8974693
    1470.000   -3902.4881253   4094.9894920   1424.9461900   2117.1464280
    1480.000   -3943.4863794   4104.6505176   1425.0452093   2131.3963866
    1490.000   -3984.5809210   4114.2471455   1425.1423164   2145.6473258
    1500.000   -4025.7711105   4123.7802248   1425.2375597   2159.8992267
    1510.000   -4067.0563164   4133.2505877   1425.3309864   2174.1520709
    1520.000   -4108.4359159   4142.6590503   1425.4226417   2188.4058405
    1530.000   -4149.9092938   4152.0064129   1425.5125698   2202.6605180
    1540.000   -4191.4758431   4161.2934607   1425.6008136   2216.9160863
    1550.000   -4233.1349645   4170.5209634   1425.6874143   2231.1725288
    1560.000   -4274.8860664   4179.6896767   1425.7724121   2245.4298293
    1570.000   -4316.7285646   4188.8003417   1425.8558462   2259.6879718
    1580.000   -4358.6618822   4197.8536856   1425.9377542   2273.9469411
    1590.000   -4400.6854496   4206.8504224   1426.0181728   2288.2067220
    1600.000   -4442.7987043   4215.7912525   1426.0971377   2302.4672997
    1610.000   -4485.0010906   4224.6768637   1426.1746834   2316.7286600
    1620.000   -4527.2920597   4233.5079312   1426.2508433   2330.9907888
    1630.000   -4569.6710696   4242.2851178   1426.3256501   2345.2536723
    1640.000   -4612.1375846   4251.0090744   1426.3991354   2359.5172974
    1650.000   -4654.6910758   4259.6804403   1426.4713299   2373.7816508
    1660.000   -4697.3310202   4268.2998434   1426.5422634   2388.0467198
    1670.000   -4740.0569015   4276.8679002   1426.6119649   2402.3124919
    1680.000   -4782.8682091   4285.3852168   1426.6804626   2416.5789550
    1690.000   -4825.7644387   4293.8523881   1426.7477837   2430.8460972
    1700.000   -4868.7450917   4302.2699992   1426.8139549   2445.1139069
    1710.000   -4911.8096754   4310.6386245   1426.8790020   2459.3823726
    1720.000   -4954.9577028   4318.9588291   1426.9429503   2473.6514833
    1730.000   -4998.1886924   4327.2311679   1427.0058240   2487.9212280
    1740.000   -5041.5021684   4335.4561866   1427.0676470   2502.1915962
    1750.000   -5084.8976602   4343.6344216   1427.1284424   2516.4625775
    1760.000   -5128.3747026   4351.7664002   1427.1882328   2530.7341617
    1770.000   -5171.9328357   4359.8526410   1427.2470399   2545.0063389
    1780.000   -5215.5716047   4367.8936539   1427.3048850   2559.2790993
    1790.000   -5259.2905597   4375.8899403   1427.3617890   2573.5524335
    1800.000   -5303.0892561   4383.8419934   1427.4177719   2587.8263320
    1810.000   -5346.9672538   4391.7502982   1427.4728535   2602.1007859
    1820.000   -5390.9241178   4399.6153318   1427.5270528   2616.3757862
    1830.000   -5434.9594177   4407.4375638   1427.5803885   2630.6513241
    1840.000   -5479.0727279   4415.2174560   1427.6328787   2644.9273911
    1850.000   -5523.2636272   4422.9554628   1427.6845410   2659.2039789
    1860.000   -5567.5316991   4430.6520313   1427.7353927   2673.4810792
    1870.000   -5611.8765312   4438.3076018   1427.7854506   2687.7586841
    1880.000   -5656.2977159   4445.9226072   1427.8347309   2702.0367857
    1890.000   -5700.7948496   4453.4974739   1427.8832497   2716.3153762
    1900.000   -5745.3675330   4461.0326216   1427.9310223   2730.5944482
    1910.000   -5790.0153710   4468.5284634   1427.9780641   2744.8739942
    1920.000   -5834.7379726   4475.9854061   1428.0243896   2759.1540071
    1930.000   -5879.5349508   4483.4038500   1428.0700133   2773.4344797
    1940.000   -5924.4059226   4490.7841895   1428.1149492   2787.7154050
    1950.000   -5969.3505088   4498.1268129   1428.1592111   2801.9967764
    1960.000   -6014.3683344   4505.4321028   1428.2028121   2816.2785871
    1970.000   -6059.4590277   4512.7004356   1428.2457654   2830.5608305
    1980.000   -6104.6222211   4519.9321825   1428.2880837   2844.8435002
    1990.000   -6149.8575506   4527.1277089   1428.3297792   2859.1265901
    2000.000   -6195.1646558   4534.2873748   1428.3708642   2873.4100938
