       0.000     271.0918353      0.0000000      0.0000000    271.0918353
      10.000     271.0810121      3.6356531      9.3560587    271.1173686
      20.000     270.9658351     22.9327047     61.1910525    271.4244892
      30.000     270.5367421     67.9151563    181.8535785    272.5741968
      40.000     269.4998787    144.8070815    370.2160748    275.2921619
      50.000     267.5436253    250.6081777    587.5578464    280.0740342
      60.000     264.4201391    376.6970210    799.1415870    287.0219604
      70.000     259.9712325    514.3987096    987.8202074    295.9791422
      80.000     254.1156597    657.1265053   1148.9115022    306.6857801
      90.000     246.8268168    800.4755625   1283.7404162    318.8696174
     100.000     238.1133111    941.7133644   1395.7951143    332.2846475
     110.000     228.0049665   1079.2502145   1488.9276135    346.7224901
     120.000     216.5435264   1212.2362742   1566.6447890    362.0118793
     130.000     203.7767262   1340.2860125   1631.8997631    378.0139078
     140.000     189.7546159   1463.2983025   1687.0896272    394.6163783
     150.000     174.5273341   1581.3415492   1734.1260639    411.7285664
     160.000     158.1438023   1694.5812379   1774.5222303    429.2768004
     170.000     140.6509994   1803.2346523   1809.4739252    447.2008903
     180.000     122.0935940   1907.5428587   1839.9281010    465.4513086
     190.000     102.5137999   2007.7536207   1866.6379619    483.9869879
     200.000      81.9513644   2104.1112206   1890.2061603    502.7736085
     210.000      60.4436347   2196.8506313   1911.1182082    521.7822673
     220.000      38.0256690   2286.1944149   1929.7681501    540.9884402
     230.000      14.7303678   2372.3513157   1946.4782476    560.3711704
     240.000      -9.4113845   2455.5158907   1961.5140827    579.9124293
     250.000     -34.3705791   2535.8687576   1975.0961797    599.5966103
     260.000     -60.1199463   2613.5771977   1987.4089861    619.4101251
     270.000     -86.6338254   2688.7959439   1998.6078499    639.3410794
     280.000    -113.8880442   2761.6680512   2008.8244739    659.3790101
     290.000    -141.8598063   2832.3257840   2018.1712066    679.5146711
     300.000    -170.5275875   2900.8914829   2026.7444417    699.7398574
     310.000    -199.8710409   2967.4783899   2034.6273308    720.0472600
     320.000    -229.8709099   3032.1914189   2041.8919626    740.4303442
     330.000    -260.5089481   3095.1278686   2048.6011262    760.8832485
     340.000    -291.7678471   3156.3780768   2054.8097475    781.4006990
     350.000    -323.6311694   3216.0260167   2060.5660674    801.9779364
     360.000    -356.0832877   3274.1498406   2065.9126138    822.6106549
     370.000    -389.1093291   3330.8223724   2070.8870092    843.2949487
     380.000    -422.6951245   3386.1115547   2075.5226446    864.0272663
     390.000    -456.8271611   3440.0808535   2079.8492456    884.8043718
     400.000    -491.4925402   3492.7896252   2083.8933507    905.6233099
     410.000    -526.6789375   3544.2934490   2087.6787161    926.4813766
     420.000    -562.3745667   3594.6444280   2091.2266615    947.3760931
     430.000    -598.5681465   3643.8914631   2094.5563655    968.3051826
     440.000    -635.2488696   3692.0805008   2097.6851197    989.2665507
     450.000    -672.4063742   3739.2547592   2100.6285478   1010.2582674
     460.000    -710.0307181   3785.4549333   2103.4007950   1031.2785512
     470.000    -748.1123541   3830.7193822   2106.0146933   1052.3257556
     480.000    -786.6421075   3875.0842995   2108.4819044   1073.3983562
     490.000    -825.6111558   3918.5838693   2110.8130457   1094.4949402
     500.000    -865.0110083   3961.2504086   2113.0177998   1115.6141960
     510.000    -904.8334893   4003.1144976   2115.1050117   1136.7549045
     520.000    -945.0707202   4044.2050993   2117.0827734   1157.9159314
     530.000    -985.7151046   4084.5496690   2118.9584993   1179.0962199
     540.000   -1026.7593138   4124.1742552   2120.7389931   1200.2947840
     550.000   -1068.1962724   4163.1035920   2122.4305063   1221.5107032
     560.000   -1110.0191466   4201.3611846   2124.0387912   1242.7431168
     570.000   -1152.2213316   4238.9693875   2125.5691476   1263.9912193
     580.000   -1194.7964407   4275.9494777   2127.0264642   1285.2542563
     590.000   -1237.7382951   4312.3217209   2128.4152566   1306.5315202
     600.000   -1281.0409135   4348.1054341   2129.7397001   1327.8223470
     610.000   -1324.6985035   4383.3190429   2131.0036602   1349.1261127
     620.000   -1368.7054527   4417.9801343   2132.2107195   1370.4422306
     630.000   -1413.0563205   4452.1055064   2133.3642017   1391.7701485
     640.000   -1457.7458307   4485.7112141   2134.4671940   1413.1093463
     650.000   -1502.7688639   4518.8126116   2135.5225664   1434.4593337
     660.000   -1548.1204509   4551.4243921   2136.5329902   1455.8196478
     670.000   -1593.7957666   4583.5606247   2137.5009535   1477.1898519
     680.000   -1639.7901233   4615.2347888   2138.4287764   1498.5695331
     690.000   -1686.0989653   4646.4598061   2139.3186241   1519.9583009
     700.000   -1732.7178636   4677.2480705   2140.1725192   1541.3557858
     710.000   -1779.6425105   4707.6114765   2140.9923527   1562.7616378
     720.000   -1826.8687150   4737.5614448   2141.7798940   1584.1755252
     730.000   -1874.3923979   4767.1089472   2142.5368002   1605.5971335
     740.000   -1922.2095876   4796.2645296   2143.2646241   1627.0261643
     750.000   -1970.3164160   4825.0383332   2143.9648225   1648.4623339
     760.000   -2018.7091143   4853.4401151   2144.6387629   1669.9053732
     770.000   -2067.3840096   4881.4792669   2145.2877299   1691.3550260
     780.000   -2116.3375210   4909.1648328   2145.9129310   1712.8110486
     790.000   -2165.5661567   4936.5055264   2146.5155023   1734.2732092
     800.000   -2215.0665100   4963.5097460   2147.0965135   1755.7412868
     810.000   -2264.8352570   4990.1855901   2147.6569721   1777.2150709
     820.000   -2314.8691533   5016.5408709   2148.1978280   1798.6943609
     830.000   -2365.1650311   5042.5831280   2148.7199774   1820.1789651
     840.000   -2415.7197967   5068.3196400   2149.2242661   1841.6687009
     850.000   -2466.5304282   5093.7574374   2149.7114930   1863.1633936
     860.000   -2517.5939724   5118.9033126   2150.1824131   1884.6628764
     870.000   -2568.9075433   5143.7638312   2150.6377406   1906.1669899
     880.000   -2620.4683191   5168.3453415   2151.0781512   1927.6755815
     890.000   -2672.2735406   5192.6539841   2151.5042845   1949.1885053
     900.000   -2724.3205090   5216.6957007   2151.9167466   1970.7056216
     910.000   -2776.6065840   5240.4762424   2152.3161119   1992.2267966
     920.000   -2829.1291818   5264.0011781   2152.7029253   2013.7519020
     930.000   -2881.8857736   5287.2759017   2153.0777037   2035.2808150
     940.000   -2934.8738833   5310.3056393   2153.4409377   2056.8134176
     950.000   -2988.0910866   5333.0954563   2153.7930937   2078.3495968
     960.000   -3041.5350091   5355.6502637   2154.1346146   2099.8892440
     970.000   -3095.2033244   5377.9748242   2154.4659216   2121.4322551
     980.000   -3149.0937535   5400.0737584   2154.7874155   2142.9785298
     990.000   -3203.2040625   5421.9515499   2155.0994775   2164.5279719
    1000.000   -3257.5320618   5443.6125509   2155.4024709   2186.0804891
    1010.000   -3312.0756049   5465.0609874   2155.6967415   2207.6359923
    1020.000   -3366.8325867   5486.3009634   2155.9826190   2229.1943960
    1030.000   -3421.8009427   5507.3364664   2156.2604177   2250.7556177
    1040.000   -3476.9786474   5528.1713710   2156.5304375   2272.3195784
    1050.000   -3532.3637140   5548.8094433   2156.7929644   2293.8862015
    1060.000   -3587.9541924   5569.2543453   2157.0482717   2315.4554136
    1070.000   -3643.7481689   5589.5096380   2157.2966202   2337.0271438
    1080.000   -3699.7437647   5609.5787855   2157.5382592   2358.6013236
    1090.000   -3755.9391353   5629.4651584   2157.7734270   2380.1778874
    1100.000   -3812.3324695   5649.1720372   2158.0023513   2401.7567714
    1110.000   -3868.9219884   5668.7026151   2158.2252502   2423.3379143
    1120.000   -3925.7059445   5688.0600014   2158.4423322   2444.9212570
    1130.000   -3982.6826212   5707.2472243   2158.6537970   2466.5067422
    1140.000   -4039.8503317   5726.2672338   2158.8598357   2488.0943148
    1150.000   -4097.2074181   5745.1229040   2159.0606316   2509.6839215
    1160.000   -4154.7522513   5763.8170361   2159.2563602   2531.2755106
    1170.000   -4212.4832295   5782.3523605   2159.4471898   2552.8690323
    1180.000   -4270.3987780   5800.7315395   2159.6332818   2574.4644386
    1190.000   -4328.4973485   5818.9571690   2159.8147910   2596.0616827
    1200.000   -4386.7774180   5837.0317814   2159.9918660   2617.6607196
    1210.000   -4445.2374889   5854.9578468   2160.1646494   2639.2615057
    1220.000   -4503.8760878   5872.7377759   2160.3332783   2660.8639988
    1230.000   -4562.6917652   5890.3739212   2160.4978842   2682.4681579
    1240.000   -4621.6830946   5907.8685791   2160.6585935   2704.0739435
    1250.000   -4680.8486726   5925.2239918   2160.8155277   2725.6813172
    1260.000   -4740.1871176   5942.4423488   2160.9688037   2747.2902418
    1270.000   -4799.6970699   5959.5257884   2161.1185339   2768.9006814
    1280.000   -4859.3771907   5976.4763998   2161.2648263   2790.5126010
    1290.000   -4919.2261619   5993.2962238   2161.4077850   2812.1259668
    1300.000   -4979.2426858   6009.9872552   2161.5475101   2833.7407460
    1310.000   -5039.4254842   6026.5514434   2161.6840981   2855.3569066
    1320.000   -5099.7732982   6042.9906940   2161.8176418   2876.9744178
    1330.000   -5160.2848879   6059.3068702   2161.9482307   2898.5932496
    1340.000   -5220.9590315   6075.5017943   2162.0759510   2920.2133728
    1350.000   -5281.7945255   6091.5772480   2162.2008858   2941.8347593
    1360.000   -5342.7901840   6107.5349747   2162.3231153   2963.4573815
    1370.000   -5403.9448383   6123.3766796   2162.4427167   2985.0812128
    1380.000   -5465.2573364   6139.1040317   2162.5597645   3006.7062273
    1390.000   -5526.7265432   6154.7186641   2162.6743308   3028.3323999
    1400.000   -5588.3513393   6170.2221752   2162.7864849   3049.9597059
    1410.000   -5650.1306215   6185.6161300   2162.8962938   3071.5881217
    1420.000   -5712.0633018   6200.9020606   2163.0038223   3093.2176242
    1430.000   -5774.1483076   6216.0814674   2163.1091329   3114.8481908
    1440.000   -5836.3845810   6231.1558199   2163.2122860   3136.4797997
    1450.000   -5898.7710786   6246.1265574   2163.3133399   3158.1124295
    1460.000   -5961.3067715   6260.9950898   2163.4123510   3179.7460597
    1470.000   -6023.9906444   6275.7627988   2163.5093739   3201.3806699
    1480.000   -6086.8216959   6290.4310382   2163.6044612   3223.0162407
    1490.000   -6149.7989380   6305.0011348   2163.6976639   3244.6527529
    1500.000   -6212.9213958   6319.4743891   2163.7890315   3266.2901878
    1510.000   -6276.1881072   6333.8520760   2163.8786115   3287.9285275
    1520.000   -6339.5981229   6348.1354455   2163.9664503   3309.5677543
    1530.000   -6403.1505058   6362.3257233   2164.0525925   3331.2078509
    1540.000   -6466.8443311   6376.4241115   2164.1370814   3352.8488006
    1550.000   -6530.6786857   6390.4317889   2164.2199589   3374.4905871
    1560.000   -6594.6526683   6404.3499121   2164.3012656   3396.1331946
    1570.000   -6658.7653892   6418.1796156   2164.3810409   3417.7766073
    1580.000   -6723.0159696   6431.9220127   2164.4593229   3439.4208104
    1590.000   -6787.4035421   6445.5781956   2164.5361486   3461.0657889
    1600.000   -6851.9272497   6459.1492365   2164.6115536   3482.7115286
    1610.000   -6916.5862465   6472.6361875   2164.6855729   3504.3580154
    1620.000   -6981.3796966   6486.0400816   2164.7582399   3526.0052356
    1630.000   -7046.3067747   6499.3619328   2164.8295875   3547.6531758
    1640.000   -7111.3666651   6512.6027367   2164.8996472   3569.3018230
    1650.000   -7176.5585625   6525.7634709   2164.9684498   3590.9511646
    1660.000   -7241.8816709   6538.8450957   2165.0360251   3612.6011879
    1670.000   -7307.3352039   6551.8485538   2165.1024021   3634.2518811
    1680.000   -7372.9183845   6564.7747718   2165.1676088   3655.9032321
    1690.000   -7438.6304449   6577.6246593   2165.2316726   3677.5552294
    1700.000   -7504.4706262   6590.3991106   2165.2946199   3699.2078618
    1710.000   -7570.4381786   6603.0990039   2165.3564765   3720.8611182
    1720.000   -7636.5323606   6615.7252026   2165.4172673   3742.5149878
    1730.000   -7702.7524398   6628.2785548   2165.4770167   3764.1694601
    1740.000   -7769.0976917   6640.7598945   2165.5357483   3785.8245247
    1750.000   -7835.5674004   6653.1700412   2165.5934850   3807.4801717
    1760.000   -7902.1608579   6665.5098006   2165.6502491   3829.1363912
    1770.000   -7968.8773644   6677.7799649   2165.7060622   3850.7931735
    1780.000   -8035.7162278   6689.9813130   2165.7609455   3872.4505093
    1790.000   -8102.6767638   6702.1146107   2165.8149195   3894.1083894
    1800.000   -8169.7582957   6714.1806114   2165.8680040   3915.7668048
    1810.000   -8236.9601542   6726.1800557   2165.9202185   3937.4257466
    1820.000   -8304.2816774   6738.1136724   2165.9715818   3959.0852063
    1830.000   -8371.7222106   6749.9821782   2166.0221124   3980.7451754
    1840.000   -8439.2811063   6761.7862783   2166.0718280   4002.4056458
    1850.000   -8506.9577238   6773.5266666   2166.1207462   4024.0666093
    1860.000   -8574.7514295   6785.2040256   2166.1688837   4045.7280581
    1870.000   -8642.6615965   6796.8190272   2166.2162571   4067.3899845
    1880.000   -8710.6876044   6808.3723326   2166.2628825   4089.0523808
    1890.000   -8778.8288396   6819.8645922   2166.3087755   4110.7152397
    1900.000   -8847.0846949   6831.2964467   2166.3539513   4132.3785539
    1910.000   -8915.4545693   6842.6685265   2166.3984248   4154.0423164
    1920.000   -8983.9378683   6853.9814523   2166.4422103   4175.7065201
    1930.000   -9052.5340032   6865.2358350   2166.4853221   4197.3711583
    1940.000   -9121.2423918   6876.4322764   2166.5277739   4219.0362244
    1950.000   -9190.0624576   6887.5713688   2166.5695789   4240.7017117
    1960.000   -9258.9936300   6898.6536958   2166.6107503   4262.3676138
    1970.000   -9328.0353442   6909.6798319   2166.6513008   4284.0339246
    1980.000   -9397.1870412   6920.6503429   2166.6912428   4305.7006378
    1990.000   -9466.4481675   6931.5657864   2166.7305883   4327.3677475
    2000.000   -9535.8181752   6942.4267114   2166.7693493   4349.0352476
