       0.000     113.5186371      0.0000000      0.0000000    113.5186371
      10.000     113.5149399      1.2426894      3.0837002    113.5273668
      20.000     113.4766231      7.6932213     21.5987679    113.6304875
      30.000     113.3241856     25.2203153     75.7706576    114.0807951
      40.000     112.9171468     59.0212728    168.6248579    115.2779977
      50.000     112.0914962    108.3805286    278.8208428    117.5105226
      60.000     110.7124090    168.8799862    386.6291324    120.8452081
      70.000     108.6924533    235.8534792    482.3988219    125.2021968
      80.000     105.9857993    305.7296446    563.5682953    130.4441709
      90.000     102.5762351    376.1236640    630.9121149    136.4273649
     100.000      98.4665808    445.5615548    686.3558661    143.0227363
     110.000      93.6710847    513.1882269    731.9836981    150.1217896
     120.000      88.2104052    578.5462762    769.6651485    157.6359584
     130.000      82.1084362    641.4260861    800.9568250    165.4938274
     140.000      75.3903497    701.7689442    827.1119516    173.6380018
     150.000      68.0814163    759.6057682    849.1246411    182.0222816
     160.000      60.2063166    815.0187703    867.7794167    190.6093199
     170.000      51.7887560    868.1176418    883.6955011    199.3687551
     180.000      42.8512697    919.0248703    897.3631952    208.2757463
     190.000      33.4151428    967.8667926    909.1726101    217.3098334
     200.000      23.5004015   1014.7682506    919.4359410    226.4540516
     210.000      13.1258444   1059.8495117    928.4045952    235.6942419
     220.000       2.3090977   1103.2246071    936.2823317    245.0185113
     230.000      -8.9333181   1145.0005542    943.2353556    254.4168094
     240.000     -20.5859163   1185.2771236    949.4000967    263.8805934
     250.000     -32.6341721   1224.1469341    954.8892321    273.4025614
     260.000     -45.0644523   1261.6957387    959.7963734    282.9764397
     270.000     -57.8639484   1298.0028128    964.1997352    292.5968110
     280.000     -71.0206142   1333.1413912    968.1650234    302.2589753
     290.000     -84.5231073   1367.1791188    971.7477227    311.9588371
     300.000     -98.3607359   1400.1784938    974.9949187    321.6928122
     310.000    -112.5234091   1432.1972926    977.9467585    331.4577516
     320.000    -127.0015918   1463.2889682    980.6376265    341.2508780
     330.000    -141.7862635   1493.5030204    983.0970986    351.0697333
     340.000    -156.8688801   1522.8853362    985.3507176    360.9121342
     350.000    -172.2413400   1551.4785017    987.4206298    370.7761356
     360.000    -187.8959519   1579.3220856    989.3261072    380.6599989
     370.000    -203.8254061   1606.4528974    991.0839801    390.5621659
     380.000    -220.0227484   1632.9052219    992.7089963    400.4812359
     390.000    -236.4813557   1658.7110311    994.2141199    410.4159464
     400.000    -253.1949137   1683.9001766    995.6107828    420.3651569
     410.000    -270.1573969   1708.5005641    996.9090947    430.3278343
     420.000    -287.3630497   1732.5383111    998.1180220    440.3030409
     430.000    -304.8063694   1756.0378905    999.2455380    450.2899235
     440.000    -322.4820903   1779.0222601   1000.2987516    460.2877041
     450.000    -340.3851693   1801.5129809   1001.2840165    470.2956721
     460.000    -358.5107722   1823.5303242   1002.2070249    480.3131770
     470.000    -376.8542616   1845.0933697   1003.0728884    490.3396222
     480.000    -395.4111853   1866.2200936   1003.8862069    500.3744596
     490.000    -414.1772656   1886.9274504   1004.6511286    510.4171850
     500.000    -433.1483898   1907.2314465   1005.3714022    520.4673334
     510.000    -452.3206006   1927.1472081   1006.0504220    530.5244756
     520.000    -471.6900877   1946.6890429   1006.6912668    540.5882147
     530.000    -491.2531802   1965.8704967   1007.2967347    550.6581830
     540.000    -511.0063392   1984.7044058   1007.8693730    560.7340399
     550.000    -530.9461505   2003.2029442   1008.4115046    570.8154688
     560.000    -551.0693187   2021.3776682   1008.9252512    580.9021754
     570.000    -571.3726611   2039.2395559   1009.4125539    590.9938857
     580.000    -591.8531019   2056.7990452   1009.8751912    601.0903443
     590.000    -612.5076672   2074.0660678   1010.3147950    611.1913128
     600.000    -633.3334800   2091.0500807   1010.7328647    621.2965684
     610.000    -654.3277555   2107.7600958   1011.1307802    631.4059029
     620.000    -675.4877972   2124.2047070   1011.5098128    641.5191211
     630.000    -696.8109924   2140.3921151   1011.8711356    651.6360402
     640.000    -718.2948084   2156.3301512   1012.2158319    661.7564884
     650.000    -739.9367891   2172.0262982   1012.5449039    671.8803047
     660.000    -761.7345519   2187.4877112   1012.8592795    682.0073375
     670.000    -783.6857838   2202.7212358   1013.1598189    692.1374442
     680.000    -805.7882389   2217.7334254   1013.4473204    702.2704904
     690.000    -828.0397355   2232.5305581   1013.7225257    712.4063496
     700.000    -850.4381533   2247.1186507   1013.9861246    722.5449023
     710.000    -872.9814309   2261.5034739   1014.2387594    732.6860356
     720.000    -895.6675636   2275.6905647   1014.4810284    742.8296429
     730.000    -918.4946009   2289.6852388   1014.7134901    752.9756234
     740.000    -941.4606441   2303.4926025   1014.9366656    763.1238818
     750.000    -964.5638449   2317.1175631   1015.1510422    773.2743274
     760.000    -987.8024031   2330.5648393   1015.3570754    783.4268748
     770.000   -1011.1745646   2343.8389703   1015.5551920    793.5814426
     780.000   -1034.6786199   2356.9443250   1015.7457917    803.7379536
     790.000   -1058.3129025   2369.8851103   1015.9292494    813.8963346
     800.000   -1082.0757871   2382.6653788   1016.1059168    824.0565159
     810.000   -1105.9656881   2395.2890364   1016.2761245    834.2184314
     820.000   -1129.9810583   2407.7598491   1016.4401830    844.3820179
     830.000   -1154.1203877   2420.0814497   1016.5983847    854.5472155
     840.000   -1178.3822017   2432.2573437   1016.7510046    864.7139670
     850.000   -1202.7650602   2444.2909154   1016.8983017    874.8822179
     860.000   -1227.2675565   2456.1854333   1017.0405206    885.0519161
     870.000   -1251.8883159   2467.9440552   1017.1778915    895.2230121
     880.000   -1276.6259948   2479.5698333   1017.3106321    905.3954585
     890.000   -1301.4792796   2491.0657187   1017.4389478    915.5692100
     900.000   -1326.4468857   2502.4345656   1017.5630329    925.7442234
     910.000   -1351.5275566   2513.6791361   1017.6830712    935.9204572
     920.000   -1376.7200631   2524.8021032   1017.7992365    946.0978719
     930.000   -1402.0232020   2535.8060554   1017.9116933    956.2764296
     940.000   -1427.4357958   2546.6934997   1018.0205978    966.4560939
     950.000   -1452.9566917   2557.4668652   1018.1260978    976.6368302
     960.000   -1478.5847607   2568.1285060   1018.2283336    986.8186050
     970.000   -1504.3188971   2578.6807046   1018.3274382    997.0013864
     980.000   -1530.1580174   2589.1256746   1018.4235382   1007.1851437
     990.000   -1556.1010603   2599.4655635   1018.5167537   1017.3698476
    1000.000   -1582.1469854   2609.7024549   1018.6071987   1027.5554696
    1010.000   -1608.2947728   2619.8383718   1018.6949820   1037.7419827
    1020.000   -1634.5434228   2629.8752779   1018.7802068   1047.9293607
    1030.000   -1660.8919547   2639.8150809   1018.8629715   1058.1175786
    1040.000   -1687.3394069   2649.6596338   1018.9433698   1068.3066122
    1050.000   -1713.8848359   2659.4107374   1019.0214910   1078.4964384
    1060.000   -1740.5273160   2669.0701422   1019.0974201   1088.6870348
    1070.000   -1767.2659387   2678.6395500   1019.1712384   1098.8783798
    1080.000   -1794.0998125   2688.1206160   1019.2430232   1109.0704527
    1090.000   -1821.0280620   2697.5149502   1019.3128486   1119.2632337
    1100.000   -1848.0498276   2706.8241191   1019.3807852   1129.4567034
    1110.000   -1875.1642655   2716.0496476   1019.4469003   1139.6508433
    1120.000   -1902.3705467   2725.1930199   1019.5112585   1149.8456356
    1130.000   -1929.6678569   2734.2556812   1019.5739215   1160.0410629
    1140.000   -1957.0553960   2743.2390391   1019.6349481   1170.2371086
    1150.000   -1984.5323779   2752.1444648   1019.6943949   1180.4337566
    1160.000   -2012.0980300   2760.9732943   1019.7523158   1190.6309914
    1170.000   -2039.7515928   2769.7268297   1019.8087627   1200.8287980
    1180.000   -2067.4923198   2778.4063404   1019.8637850   1211.0271619
    1190.000   -2095.3194770   2787.0130639   1019.9174302   1221.2260691
    1200.000   -2123.2323425   2795.5482071   1019.9697439   1231.4255060
    1210.000   -2151.2302065   2804.0129472   1020.0207698   1241.6254597
    1220.000   -2179.3123706   2812.4084327   1020.0705498   1251.8259173
    1230.000   -2207.4781480   2820.7357843   1020.1191240   1262.0268666
    1240.000   -2235.7268628   2828.9960957   1020.1665311   1272.2282959
    1250.000   -2264.0578500   2837.1904348   1020.2128081   1282.4301935
    1260.000   -2292.4704551   2845.3198440   1020.2579907   1292.6325484
    1270.000   -2320.9640339   2853.3853415   1020.3021130   1302.8353498
    1280.000   -2349.5379522   2861.3879214   1020.3452080   1313.0385872
    1290.000   -2378.1915858   2869.3285554   1020.3873072   1323.2422506
    1300.000   -2406.9243200   2877.2081924   1020.4284412   1333.4463301
    1310.000   -2435.7355494   2885.0277601   1020.4686392   1343.6508163
    1320.000   -2464.6246780   2892.7881651   1020.5079293   1353.8556999
    1330.000   -2493.5911185   2900.4902936   1020.5463386   1364.0609720
    1340.000   -2522.6342925   2908.1350122   1020.5838933   1374.2666238
    1350.000   -2551.7536302   2915.7231683   1020.6206186   1384.4726471
    1360.000   -2580.9485701   2923.2555909   1020.6565386   1394.6790335
    1370.000   -2610.2185589   2930.7330906   1020.6916767   1404.8857752
    1380.000   -2639.5630515   2938.1564609   1020.7260555   1415.0928645
    1390.000   -2668.9815103   2945.5264778   1020.7596966   1425.3002939
    1400.000   -2698.4734057   2952.8439013   1020.7926210   1435.5080561
    1410.000   -2728.0382155   2960.1094748   1020.8248489   1445.7161440
    1420.000   -2757.6754248   2967.3239265   1020.8563997   1455.9245508
    1430.000   -2787.3845260   2974.4879691   1020.8872924   1466.1332698
    1440.000   -2817.1650185   2981.6023007   1020.9175451   1476.3422945
    1450.000   -2847.0164086   2988.6676050   1020.9471753   1486.5516186
    1460.000   -2876.9382094   2995.6845516   1020.9761999   1496.7612360
    1470.000   -2906.9299406   3002.6537968   1021.0046355   1506.9711406
    1480.000   -2936.9911285   3009.5759833   1021.0324977   1517.1813268
    1490.000   -2967.1213055   3016.4517411   1021.0598020   1527.3917887
    1500.000   -2997.3200106   3023.2816877   1021.0865630   1537.6025210
    1510.000   -3027.5867886   3030.0664284   1021.1127951   1547.8135182
    1520.000   -3057.9211905   3036.8065564   1021.1385121   1558.0247752
    1530.000   -3088.3227730   3043.5026534   1021.1637275   1568.2362868
    1540.000   -3118.7910987   3050.1552901   1021.1884541   1578.4480481
    1550.000   -3149.3257358   3056.7650258   1021.2127046   1588.6600543
    1560.000   -3179.9262580   3063.3324094   1021.2364911   1598.8723007
    1570.000   -3210.5922446   3069.8579791   1021.2598253   1609.0847826
    1580.000   -3241.3232800   3076.3422631   1021.2827186   1619.2974957
    1590.000   -3272.1189539   3082.7857796   1021.3051820   1629.5104356
    1600.000   -3302.9788614   3089.1890371   1021.3272263   1639.7235979
    1610.000   -3333.9026022   3095.5525347   1021.3488618   1649.9369787
    1620.000   -3364.8897812   3101.8767624   1021.3700985   1660.1505738
    1630.000   -3395.9400081   3108.1622009   1021.3909462   1670.3643794
    1640.000   -3427.0528975   3114.4093225   1021.4114143   1680.5783915
    1650.000   -3458.2280684   3120.6185908   1021.4315120   1690.7926064
    1660.000   -3489.4651446   3126.7904609   1021.4512482   1701.0070205
    1670.000   -3520.7637544   3132.9253800   1021.4706314   1711.2216302
    1680.000   -3552.1235305   3139.0237872   1021.4896700   1721.4364320
    1690.000   -3583.5441099   3145.0861139   1021.5083722   1731.6514225
    1700.000   -3615.0251339   3151.1127837   1021.5267459   1741.8665984
    1710.000   -3646.5662481   3157.1042131   1021.5447986   1752.0819564
    1720.000   -3678.1671021   3163.0608113   1021.5625378   1762.2974933
    1730.000   -3709.8273496   3168.9829802   1021.5799707   1772.5132061
    1740.000   -3741.5466483   3174.8711149   1021.5971043   1782.7290917
    1750.000   -3773.3246597   3180.7256040   1021.6139455   1792.9451472
    1760.000   -3805.1610495   3186.5468290   1021.6305009   1803.1613697
    1770.000   -3837.0554867   3192.3351655   1021.6467768   1813.3777563
    1780.000   -3869.0076444   3198.0909824   1021.6627795   1823.5943043
    1790.000   -3901.0171991   3203.8146425   1021.6785152   1833.8110110
    1800.000   -3933.0838312   3209.5065027   1021.6939897   1844.0278737
    1810.000   -3965.2072244   3215.1669140   1021.7092087   1854.2448899
    1820.000   -3997.3870658   3220.7962214   1021.7241779   1864.4620571
    1830.000   -4029.6230462   3226.3947644   1021.7389027   1874.6793727
    1840.000   -4061.9148597   3231.9628772   1021.7533884   1884.8968343
    1850.000   -4094.2622034   3237.5008882   1021.7676401   1895.1144397
    1860.000   -4126.6647782   3243.0091207   1021.7816628   1905.3321864
    1870.000   -4159.1222877   3248.4878930   1021.7954615   1915.5500722
    1880.000   -4191.6344389   3253.9375179   1021.8090408   1925.7680949
    1890.000   -4224.2009419   3259.3583038   1021.8224054   1935.9862523
    1900.000   -4256.8215098   3264.7505537   1021.8355598   1946.2045423
    1910.000   -4289.4958588   3270.1145663   1021.8485084   1956.4229628
    1920.000   -4322.2237080   3275.4506353   1021.8612554   1966.6415118
    1930.000   -4355.0047794   3280.7590500   1021.8738050   1976.8601872
    1940.000   -4387.8387978   3286.0400954   1021.8861613   1987.0789872
    1950.000   -4420.7254910   3291.2940517   1021.8983282   1997.2979098
    1960.000   -4453.6645894   3296.5211952   1021.9103095   2007.5169532
    1970.000   -4486.6558264   3301.7217979   1021.9221091   2017.7361154
    1980.000   -4519.6989378   3306.8961276   1021.9337305   2027.9553948
    1990.000   -4552.7936623   3312.0444481   1021.9451773   2038.1747894
    2000.000   -4585.9397410   3317.1670193   1021.9564531   2048.3942977
