       0.000     261.8120472      0.0000000      0.0000000    261.8120472
      10.000     261.7965699      4.3639277      9.6323002    261.8402092
      20.000     261.6757686     22.9220553     57.0758412    262.1342097
      30.000     261.2614523     64.5671954    168.4574199    263.1984681
      40.000     260.2830943    136.2304684    346.9747633    265.7323130
      50.000     258.4426877    235.9432330    556.3024825    270.2398493
      60.000     255.4971569    355.7800749    761.9370005    276.8439614
      70.000     251.2880530    487.3972485    946.1688400    285.4058604
      80.000     245.7317384    624.3281815   1103.7924431    295.6779929
      90.000     238.7985506    762.1953053   1235.8105514    307.3961281
     100.000     230.4939683    898.2588570   1345.5341169    320.3198540
     110.000     220.8448250   1030.9110180   1436.7133900    334.2450370
     120.000     209.8900710   1159.2813531   1512.7874263    349.0038334
     130.000     197.6748547   1282.9639192   1576.6565403    364.4601642
     140.000     184.2468390   1401.8381189   1630.6730445    380.5041756
     150.000     169.6539639   1515.9540398   1676.7098974    397.0470698
     160.000     153.9431301   1625.4600795   1716.2471897    414.0167428
     170.000     137.1594596   1730.5577041   1750.4531257    431.3542693
     180.000     119.3459164   1831.4734451   1780.2521636    449.0111365
     190.000     100.5431484   1928.4417975   1806.3795419    466.9470899
     200.000      80.7894634   2021.6949975   1829.4238000    485.1284629
     210.000      60.1208841   2111.4571260   1849.8595006    503.5268805
     220.000      38.5712472   2197.9409256   1868.0722671    522.1182508
     230.000      16.1723255   2281.3463018   1884.3779147    540.8819749
     240.000      -7.0460409   2361.8598610   1899.0370961    559.8003257
     250.000     -31.0558120   2439.6550678   1912.2665554    578.8579550
     260.000     -55.8306186   2514.8927611   1924.2478211    598.0414993
     270.000     -81.3456398   2587.7218642   1935.1339629    617.3392635
     280.000    -107.5774877   2658.2801821   1945.0548788    636.7409633
     290.000    -134.5041002   2726.6952252   1954.1214614    656.2375151
     300.000    -162.1046423   2793.0850194   1962.4289064    675.8208635
     310.000    -190.3594151   2857.5588801   1970.0593567    695.4838378
     320.000    -219.2497721   2920.2181390   1977.0840341    715.2200324
     330.000    -248.7580433   2981.1568186   1983.5649665    735.0237068
     340.000    -278.8674650   3040.4622523   1989.5563997    754.8897008
     350.000    -309.5621155   3098.2156516   1995.1059572    774.8133625
     360.000    -340.8268572   3154.4926239   2000.2555997    794.7904874
     370.000    -372.6472820   3209.3636422   2005.0424229    814.8172656
     380.000    -405.0096632   3262.8944730   2009.4993259    834.8902365
     390.000    -437.9009095   3315.1465634   2013.6555719    855.0062503
     400.000    -471.3085240   3366.1773928   2017.5372632    875.1624331
     410.000    -505.2205663   3416.0407919   2021.1677438    895.3561584
     420.000    -539.6256170   3464.7872324   2024.5679430    915.5850206
     430.000    -574.5127459   3512.4640896   2027.7566697    935.8468126
     440.000    -609.8714822   3559.1158817   2030.7508648    956.1395058
     450.000    -645.6917866   3604.7844870   2033.5658196    976.4612326
     460.000    -681.9640263   3649.5093419   2036.2153646    996.8102709
     470.000    -718.6789517   3693.3276215   2038.7120331   1017.1850304
     480.000    -755.8276740   3736.2744043   2041.0672042   1037.5840400
     490.000    -793.4016455   3778.3828222   2043.2912276   1058.0059374
     500.000    -831.3926405   3819.6841989   2045.3935328   1078.4494590
     510.000    -869.7927383   3860.2081753   2047.3827250   1098.9134311
     520.000    -908.5943064   3899.9828252   2049.2666694   1119.3967627
     530.000    -947.7899859   3939.0347616   2051.0525664   1139.8984378
     540.000    -987.3726769   3977.3892337   2052.7470169   1160.4175093
     550.000   -1027.3355257   4015.0702168   2054.3560811   1180.9530935
     560.000   -1067.6719123   4052.1004951   2055.8853303   1201.5043649
     570.000   -1108.3754390   4088.5017372   2057.3398934   1222.0705512
     580.000   -1149.4399192   4124.2945668   2058.7244978   1242.6509296
     590.000   -1190.8593678   4159.4986278   2060.0435062   1263.2448226
     600.000   -1232.6279917   4194.1326437   2061.3009500   1283.8515945
     610.000   -1274.7401802   4228.2144737   2062.5005585   1304.4706488
     620.000   -1317.1904974   4261.7611643   2063.6457856   1325.1014245
     630.000   -1359.9736740   4294.7889968   2064.7398334   1345.7433939
     640.000   -1403.0845998   4327.3135316   2065.7856742   1366.3960605
     650.000   -1446.5183167   4359.3496502   2066.7860693   1387.0589560
     660.000   -1490.2700123   4390.9115928   2067.7435873   1407.7316390
     670.000   -1534.3350134   4422.0129944   2068.6606190   1428.4136928
     680.000   -1578.7087806   4452.6669183   2069.5393928   1449.1047238
     690.000   -1623.3869020   4482.8858871   2070.3819868   1469.8043601
     700.000   -1668.3650886   4512.6819115   2071.1903415   1490.5122495
     710.000   -1713.6391689   4542.0665179   2071.9662697   1511.2280588
     720.000   -1759.2050845   4571.0507735   2072.7114671   1531.9514724
     730.000   -1805.0588854   4599.6453101   2073.4275209   1552.6821910
     740.000   -1851.1967257   4627.8603465   2074.1159177   1573.4199307
     750.000   -1897.6148601   4655.7057092   2074.7780516   1594.1644218
     760.000   -1944.3096392   4683.1908523   2075.4152303   1614.9154085
     770.000   -1991.2775068   4710.3248755   2076.0286820   1635.6726474
     780.000   -2038.5149956   4737.1165417   2076.6195608   1656.4359069
     790.000   -2086.0187246   4763.5742931   2077.1889518   1677.2049670
     800.000   -2133.7853956   4789.7062666   2077.7378763   1697.9796177
     810.000   -2181.8117902   4815.5203082   2078.2672962   1718.7596595
     820.000   -2230.0947672   4841.0239864   2078.7781176   1739.5449017
     830.000   -2278.6312597   4866.2246053   2079.2711952   1760.3351627
     840.000   -2327.4182726   4891.1292164   2079.7473355   1781.1302691
     850.000   -2376.4528801   4915.7446301   2080.2072998   1801.9300555
     860.000   -2425.7322232   4940.0774265   2080.6518078   1822.7343636
     870.000   -2475.2535078   4964.1339657   2081.0815393   1843.5430424
     880.000   -2525.0140022   4987.9203971   2081.4971378   1864.3559473
     890.000   -2575.0110352   5011.4426689   2081.8992123   1885.1729401
     900.000   -2625.2419942   5034.7065362   2082.2883394   1905.9938884
     910.000   -2675.7043232   5057.7175700   2082.6650656   1926.8186655
     920.000   -2726.3955209   5080.4811641   2083.0299090   1947.6471501
     930.000   -2777.3131391   5103.0025428   2083.3833611   1968.4792257
     940.000   -2828.4547812   5125.2867682   2083.7258884   1989.3147809
     950.000   -2879.8181003   5147.3387462   2084.0579338   2010.1537086
     960.000   -2931.4007979   5169.1632332   2084.3799182   2030.9959060
     970.000   -2983.2006221   5190.7648421   2084.6922418   2051.8412747
     980.000   -3035.2153667   5212.1480476   2084.9952850   2072.6897199
     990.000   -3087.4428695   5233.3171921   2085.2894098   2093.5411507
    1000.000   -3139.8810111   5254.2764906   2085.5749610   2114.3954796
    1010.000   -3192.5277135   5275.0300356   2085.8522667   2135.2526224
    1020.000   -3245.3809392   5295.5818016   2086.1216398   2156.1124984
    1030.000   -3298.4386898   5315.9356501   2086.3833783   2176.9750298
    1040.000   -3351.6990050   5336.0953332   2086.6377667   2197.8401415
    1050.000   -3405.1599614   5356.0644980   2086.8850761   2218.7077615
    1060.000   -3458.8196717   5375.8466906   2087.1255657   2239.5778203
    1070.000   -3512.6762835   5395.4453593   2087.3594826   2260.4502509
    1080.000   -3566.7279784   5414.8638585   2087.5870630   2281.3249888
    1090.000   -3620.9729710   5434.1054521   2087.8085328   2302.2019718
    1100.000   -3675.4095083   5453.1733165   2088.0241077   2323.0811398
    1110.000   -3730.0358685   5472.0705437   2088.2339941   2343.9624350
    1120.000   -3784.8503604   5490.8001445   2088.4383896   2364.8458014
    1130.000   -3839.8513225   5509.3650510   2088.6374831   2385.7311851
    1140.000   -3895.0371220   5527.7681193   2088.8314558   2406.6185340
    1150.000   -3950.4061547   5546.0121325   2089.0204810   2427.5077978
    1160.000   -4005.9568435   5564.0998028   2089.2047249   2448.3989277
    1170.000   -4061.6876384   5582.0337737   2089.3843466   2469.2918768
    1180.000   -4117.5970153   5599.8166229   2089.5594988   2490.1865997
    1190.000   -4173.6834755   5617.4508638   2089.7303282   2511.0830524
    1200.000   -4229.9455454   5634.9389481   2089.8969751   2531.9811924
    1210.000   -4286.3817753   5652.2832675   2090.0595746   2552.8809784
    1220.000   -4342.9907393   5669.4861558   2090.2182560   2573.7823708
    1230.000   -4399.7710345   5686.5498906   2090.3731439   2594.6853309
    1240.000   -4456.7212807   5703.4766952   2090.5243577   2615.5898214
    1250.000   -4513.8401192   5720.2687404   2090.6720123   2636.4958062
    1260.000   -4571.1262133   5736.9281456   2090.8162181   2657.4032502
    1270.000   -4628.5782469   5753.4569814   2090.9570814   2678.3121194
    1280.000   -4686.1949245   5769.8572699   2091.0947043   2699.2223810
    1290.000   -4743.9749704   5786.1309872   2091.2291851   2720.1340030
    1300.000   -4801.9171288   5802.2800641   2091.3606183   2741.0469545
    1310.000   -4860.0201625   5818.3063878   2091.4890951   2761.9612055
    1320.000   -4918.2828535   5834.2118033   2091.6147032   2782.8767269
    1330.000   -4976.7040016   5849.9981142   2091.7375271   2803.7934903
    1340.000   -5035.2824247   5865.6670844   2091.8576481   2824.7114684
    1350.000   -5094.0169579   5881.2204388   2091.9751449   2845.6306345
    1360.000   -5152.9064537   5896.6598651   2092.0900930   2866.5509628
    1370.000   -5211.9497810   5911.9870139   2092.2025654   2887.4724281
    1380.000   -5271.1458251   5927.2035009   2092.3126324   2908.3950061
    1390.000   -5330.4934874   5942.3109067   2092.4203620   2929.3186730
    1400.000   -5389.9916848   5957.3107790   2092.5258197   2950.2434058
    1410.000   -5449.6393496   5972.2046323   2092.6290687   2971.1691820
    1420.000   -5509.4354290   5986.9939500   2092.7301701   2992.0959800
    1430.000   -5569.3788849   6001.6801842   2092.8291829   3013.0237785
    1440.000   -5629.4686938   6016.2647574   2092.9261641   3033.9525569
    1450.000   -5689.7038459   6030.7490628   2093.0211687   3054.8822952
    1460.000   -5750.0833454   6045.1344652   2093.1142499   3075.8129738
    1470.000   -5810.6062100   6059.4223020   2093.2054592   3096.7445739
    1480.000   -5871.2714706   6073.6138835   2093.2948462   3117.6770769
    1490.000   -5932.0781711   6087.7104940   2093.3824592   3138.6104649
    1500.000   -5993.0253681   6101.7133923   2093.4683445   3159.5447204
    1510.000   -6054.1121307   6115.6238125   2093.5525472   3180.4798262
    1520.000   -6115.3375401   6129.4429644   2093.6351109   3201.4157659
    1530.000   -6176.7006897   6143.1720345   2093.7160777   3222.3525231
    1540.000   -6238.2006844   6156.8121861   2093.7954884   3243.2900822
    1550.000   -6299.8366408   6170.3645604   2093.8733825   3264.2284278
    1560.000   -6361.6076867   6183.8302767   2093.9497984   3285.1675449
    1570.000   -6423.5129611   6197.2104332   2094.0247732   3306.1074190
    1580.000   -6485.5516138   6210.5061073   2094.0983426   3327.0480357
    1590.000   -6547.7228052   6223.7183563   2094.1705417   3347.9893813
    1600.000   -6610.0257063   6236.8482178   2094.2414040   3368.9314421
    1610.000   -6672.4594983   6249.8967101   2094.3109624   3389.8742050
    1620.000   -6735.0233726   6262.8648332   2094.3792485   3410.8176571
    1630.000   -6797.7165304   6275.7535682   2094.4462932   3431.7617858
    1640.000   -6860.5381826   6288.5638790   2094.5121262   3452.7065789
    1650.000   -6923.4875497   6301.2967116   2094.5767766   3473.6520244
    1660.000   -6986.5638616   6313.9529953   2094.6402724   3494.5981106
    1670.000   -7049.7663575   6326.5336429   2094.7026409   3515.5448261
    1680.000   -7113.0942854   6339.0395507   2094.7639085   3536.4921598
    1690.000   -7176.5469023   6351.4715994   2094.8241011   3557.4401007
    1700.000   -7240.1234740   6363.8306543   2094.8832435   3578.3886383
    1710.000   -7303.8232749   6376.1175655   2094.9413599   3599.3377621
    1720.000   -7367.6455877   6388.3331685   2094.9984740   3620.2874621
    1730.000   -7431.5897033   6400.4782842   2095.0546086   3641.2377284
    1740.000   -7495.6549211   6412.5537197   2095.1097858   3662.1885511
    1750.000   -7559.8405481   6424.5602680   2095.1640274   3683.1399210
    1760.000   -7624.1458994   6436.4987091   2095.2173544   3704.0918286
    1770.000   -7688.5702978   6448.3698095   2095.2697870   3725.0442651
    1780.000   -7753.1130736   6460.1743231   2095.3213453   3745.9972214
    1790.000   -7817.7735648   6471.9129910   2095.3720484   3766.9506891
    1800.000   -7882.5511164   6483.5865422   2095.4219151   3787.9046596
    1810.000   -7947.4450810   6495.1956937   2095.4709638   3808.8591247
    1820.000   -8012.4548180   6506.7411507   2095.5192121   3829.8140762
    1830.000   -8077.5796940   6518.2236067   2095.5666774   3850.7695063
    1840.000   -8142.8190824   6529.6437444   2095.6133765   3871.7254072
    1850.000   -8208.1723634   6541.0022350   2095.6593257   3892.6817714
    1860.000   -8273.6389238   6552.2997393   2095.7045410   3913.6385913
    1870.000   -8339.2181570   6563.5369074   2095.7490380   3934.5958598
    1880.000   -8404.9094630   6574.7143791   2095.7928317   3955.5535697
    1890.000   -8470.7122477   6585.8327841   2095.8359368   3976.5117141
    1900.000   -8536.6259238   6596.8927421   2095.8783677   3997.4702862
    1910.000   -8602.6499098   6607.8948634   2095.9201384   4018.4292793
    1920.000   -8668.7836303   6618.8397485   2095.9612624   4039.3886868
    1930.000   -8735.0265159   6629.7279888   2096.0017531   4060.3485024
    1940.000   -8801.3780032   6640.5601665   2096.0416232   4081.3087198
    1950.000   -8867.8375343   6651.3368550   2096.0808855   4102.2693329
    1960.000   -8934.4045572   6662.0586187   2096.1195522   4123.2303355
    1970.000   -9001.0785255   6672.7260139   2096.1576353   4144.1917220
    1980.000   -9067.8588981   6683.3395881   2096.1951464   4165.1534863
    1990.000   -9134.7451396   6693.8998807   2096.2320969   4186.1156230
    2000.000   -9201.7367199   6704.4074232   2096.2684979   4207.0781264
