       0.000      43.6313992      0.0000000      0.0000000     43.6313992
      10.000      43.6299801      0.4702066      1.1029248     43.6346821
      20.000      43.6162382      2.7183316      7.5122273     43.6706048
      30.000      43.5633065      8.6123012     24.5312577     43.8216755
      40.000      43.4288948     18.9661820     49.3428668     44.1875421
      50.000      43.1723692     32.7934972     75.3316898     44.8120441
      60.000      42.7663142     48.6466543     98.6920878     45.6851134
      70.000      42.1965458     65.3809729    118.2900056     46.7732139
      80.000      41.4582588     82.2562762    134.2540521     48.0387609
      90.000      40.5524148     98.8397309    147.1276463     49.4479906
     100.000      39.4832286    114.8977687    157.5059843     50.9730055
     110.000      38.2565939    130.3177488    165.9116903     52.5915463
     120.000      36.8791443    145.0578372    172.7679323     54.2860848
     130.000      35.3577110    159.1164709    178.4058601     56.0428523
     140.000      33.6990193    172.5141458    183.0811521     57.8509997
     150.000      31.9095258    185.2826774    186.9905888     59.7019274
     160.000      29.9953401    197.4589262    190.2859624     61.5887683
     170.000      27.9621938    209.0811830    193.0849699     63.5059949
     180.000      25.8154373    220.1871350    195.4794876     65.4491216
     190.000      23.5600519    230.8127736    197.5417740     67.4144789
     200.000      21.2006701    240.9918587    199.3291021     69.3990418
     210.000      18.7415986    250.7557110    200.8872224     71.4002979
     220.000      16.1868435    260.1331921    202.2529610     73.4161458
     230.000      13.5401341    269.1507908    203.4561802     75.4448160
     240.000      10.8049462    277.8327634    204.5212686     77.4848094
     250.000       7.9845234    286.2012990    205.4682795     79.5348482
     260.000       5.0818972    294.2766918    206.3138082     81.5938370
     270.000       2.0999047    302.0775100    207.0716734     83.6608324
     280.000      -0.9587946    309.6207560    207.7534481     85.7350171
     290.000      -4.0917040    316.9220149    208.3688790     87.8156803
     300.000      -7.2964761    323.9955908    208.9262169     89.9022011
     310.000     -10.5709008    330.8546301    209.4324818     91.9940345
     320.000     -13.9128940    337.5112333    209.8936740     94.0907006
     330.000     -17.3204879    343.9765545    210.3149455     96.1917750
     340.000     -20.7918219    350.2608919    210.7007386     98.2968813
     350.000     -24.3251343    356.3737679    211.0548994    100.4056844
     360.000     -27.9187552    362.3240008    211.3807698    102.5178851
     370.000     -31.5710995    368.1197697    211.6812653    104.6332153
     380.000     -35.2806611    373.7686722    211.9589374    106.7514343
     390.000     -39.0460070    379.2777756    212.2160266    108.8723254
     400.000     -42.8657726    384.6536637    212.4545069    110.9956929
     410.000     -46.7386568    389.9024784    212.6761224    113.1213594
     420.000     -50.6634178    395.0299572    212.8824185    115.2491643
     430.000     -54.6388694    400.0414667    213.0747686    117.3789613
     440.000     -58.6638773    404.9420331    213.2543963    119.5106172
     450.000     -62.7373560    409.7363699    213.4223943    121.6440105
     460.000     -66.8582654    414.4289023    213.5797411    123.7790296
     470.000     -71.0256086    419.0237900    213.7273148    125.9155727
     480.000     -75.2384288    423.5249475    213.8659053    128.0535460
     490.000     -79.4958074    427.9360626    213.9962244    130.1928633
     500.000     -83.7968615    432.2606132    214.1189151    132.3334451
     510.000     -88.1407421    436.5018827    214.2345595    134.4752181
     520.000     -92.5266319    440.6629740    214.3436850    136.6181145
     530.000     -96.9537441    444.7468222    214.4467712    138.7620717
     540.000    -101.4213202    448.7562064    214.5442542    140.9070313
     550.000    -105.9286288    452.6937604    214.6365317    143.0529394
     560.000    -110.4749643    456.5619823    214.7239667    145.1997458
     570.000    -115.0596453    460.3632438    214.8068913    147.3474037
     580.000    -119.6820135    464.0997984    214.8856097    149.4958696
     590.000    -124.3414327    467.7737890    214.9604009    151.6451028
     600.000    -129.0372875    471.3872548    215.0315212    153.7950654
     610.000    -133.7689825    474.9421382    215.0992064    155.9457218
     620.000    -138.5359412    478.4402903    215.1636737    158.0970388
     630.000    -143.3376051    481.8834767    215.2251234    160.2489852
     640.000    -148.1734331    485.2733827    215.2837406    162.4015318
     650.000    -153.0429006    488.6116180    215.3396963    164.5546511
     660.000    -157.9454984    491.8997209    215.3931489    166.7083174
     670.000    -162.8807328    495.1391627    215.4442453    168.8625063
     680.000    -167.8481242    498.3313515    215.4931216    171.0171949
     690.000    -172.8472068    501.4776355    215.5399044    173.1723617
     700.000    -177.8775282    504.5793065    215.5847113    175.3279864
     710.000    -182.9386483    507.6376029    215.6276519    177.4840497
     720.000    -188.0301396    510.6537127    215.6688282    179.6405335
     730.000    -193.1515858    513.6287760    215.7083354    181.7974207
     740.000    -198.3025820    516.5638878    215.7462623    183.9546950
     750.000    -203.4827339    519.4600998    215.7826921    186.1123410
     760.000    -208.6916577    522.3184234    215.8177023    188.2703441
     770.000    -213.9289793    525.1398309    215.8513657    190.4286905
     780.000    -219.1943343    527.9252583    215.8837503    192.5873671
     790.000    -224.4873675    530.6756064    215.9149200    194.7463615
     800.000    -229.8077324    533.3917427    215.9449348    196.9056617
     810.000    -235.1550911    536.0745033    215.9738509    199.0652565
     820.000    -240.5291139    538.7246941    216.0017213    201.2251352
     830.000    -245.9294791    541.3430924    216.0285956    203.3852876
     840.000    -251.3558723    543.9304480    216.0545208    205.5457040
     850.000    -256.8079869    546.4874847    216.0795410    207.7063750
     860.000    -262.2855233    549.0149014    216.1036977    209.8672919
     870.000    -267.7881885    551.5133733    216.1270302    212.0284462
     880.000    -273.3156964    553.9835527    216.1495755    214.1898299
     890.000    -278.8677673    556.4260703    216.1713686    216.3514352
     900.000    -284.4441277    558.8415362    216.1924425    218.5132549
     910.000    -290.0445099    561.2305403    216.2128286    220.6752818
     920.000    -295.6686522    563.5936537    216.2325563    222.8375093
     930.000    -301.3162985    565.9314294    216.2516538    224.9999308
     940.000    -306.9871981    568.2444026    216.2701475    227.1625403
     950.000    -312.6811056    570.5330920    216.2880626    229.3253318
     960.000    -318.3977807    572.7980004    216.3054230    231.4882997
     970.000    -324.1369880    575.0396149    216.3222513    233.6514385
     980.000    -329.8984969    577.2584081    216.3385690    235.8147430
     990.000    -335.6820816    579.4548382    216.3543966    237.9782083
    1000.000    -341.4875206    581.6293500    216.3697534    240.1418294
    1010.000    -347.3145970    583.7823750    216.3846580    242.3056018
    1020.000    -353.1630979    585.9143323    216.3991279    244.4695211
    1030.000    -359.0328147    588.0256289    216.4131798    246.6335830
    1040.000    -364.9235429    590.1166599    216.4268297    248.7977834
    1050.000    -370.8350817    592.1878095    216.4400927    250.9621183
    1060.000    -376.7672341    594.2394510    216.4529833    253.1265840
    1070.000    -382.7198069    596.2719473    216.4655154    255.2911768
    1080.000    -388.6926104    598.2856514    216.4777020    257.4558931
    1090.000    -394.6854584    600.2809065    216.4895558    259.6207297
    1100.000    -400.6981681    602.2580466    216.5010887    261.7856832
    1110.000    -406.7305600    604.2173968    216.5123122    263.9507504
    1120.000    -412.7824578    606.1592734    216.5232374    266.1159284
    1130.000    -418.8536883    608.0839845    216.5338746    268.2812142
    1140.000    -424.9440813    609.9918301    216.5442338    270.4466050
    1150.000    -431.0534696    611.8831023    216.5543248    272.6120980
    1160.000    -437.1816890    613.7580859    216.5641566    274.7776906
    1170.000    -443.3285780    615.6170584    216.5737380    276.9433803
    1180.000    -449.4939777    617.4602901    216.5830776    279.1091646
    1190.000    -455.6777322    619.2880448    216.5921832    281.2750411
    1200.000    -461.8796879    621.1005795    216.6010628    283.4410075
    1210.000    -468.0996939    622.8981450    216.6097236    285.6070616
    1220.000    -474.3376017    624.6809861    216.6181729    287.7732013
    1230.000    -480.5932653    626.4493412    216.6264174    289.9394244
    1240.000    -486.8665410    628.2034435    216.6344637    292.1057290
    1250.000    -493.1572874    629.9435204    216.6423181    294.2721130
    1260.000    -499.4653654    631.6697938    216.6499867    296.4385747
    1270.000    -505.7906380    633.3824805    216.6574753    298.6051122
    1280.000    -512.1329705    635.0817923    216.6647894    300.7717236
    1290.000    -518.4922300    636.7679359    216.6719345    302.9384074
    1300.000    -524.8682860    638.4411136    216.6789157    305.1051618
    1310.000    -531.2610097    640.1015228    216.6857379    307.2719852
    1320.000    -537.6702745    641.7493564    216.6924060    309.4388760
    1330.000    -544.0959555    643.3848033    216.6989246    311.6058328
    1340.000    -550.5379299    645.0080477    216.7052980    313.7728540
    1350.000    -556.9960764    646.6192701    216.7115307    315.9399383
    1360.000    -563.4702758    648.2186470    216.7176266    318.1070842
    1370.000    -569.9604105    649.8063510    216.7235898    320.2742904
    1380.000    -576.4663645    651.3825507    216.7294240    322.4415555
    1390.000    -582.9880237    652.9474116    216.7351331    324.6088784
    1400.000    -589.5252755    654.5010952    216.7407204    326.7762578
    1410.000    -596.0780088    656.0437598    216.7461896    328.9436924
    1420.000    -602.6461144    657.5755603    216.7515438    331.1111812
    1430.000    -609.2294843    659.0966485    216.7567862    333.2787229
    1440.000    -615.8280122    660.6071727    216.7619200    335.4463166
    1450.000    -622.4415931    662.1072787    216.7669482    337.6139610
    1460.000    -629.0701235    663.5971087    216.7718735    339.7816552
    1470.000    -635.7135015    665.0768024    216.7766989    341.9493981
    1480.000    -642.3716262    666.5464967    216.7814269    344.1171888
    1490.000    -649.0443985    668.0063254    216.7860602    346.2850264
    1500.000    -655.7317203    669.4564200    216.7906013    348.4529097
    1510.000    -662.4334949    670.8969093    216.7950527    350.6208381
    1520.000    -669.1496269    672.3279193    216.7994166    352.7888105
    1530.000    -675.8800221    673.7495740    216.8036953    354.9568261
    1540.000    -682.6245876    675.1619946    216.8078911    357.1248841
    1550.000    -689.3832316    676.5653002    216.8120060    359.2929837
    1560.000    -696.1558636    677.9596074    216.8160422    361.4611240
    1570.000    -702.9423941    679.3450308    216.8200017    363.6293043
    1580.000    -709.7427350    680.7216827    216.8238863    365.7975238
    1590.000    -716.5567989    682.0896734    216.8276979    367.9657818
    1600.000    -723.3844999    683.4491109    216.8314384    370.1340775
    1610.000    -730.2257530    684.8001014    216.8351096    372.3024103
    1620.000    -737.0804741    686.1427491    216.8387130    374.4707795
    1630.000    -743.9485805    687.4771563    216.8422504    376.6391843
    1640.000    -750.8299901    688.8034234    216.8457234    378.8076243
    1650.000    -757.7246222    690.1216489    216.8491335    380.9760986
    1660.000    -764.6323966    691.4319297    216.8524823    383.1446067
    1670.000    -771.5532346    692.7343609    216.8557711    385.3131480
    1680.000    -778.4870580    694.0290357    216.8590015    387.4817219
    1690.000    -785.4337898    695.3160459    216.8621748    389.6503279
    1700.000    -792.3933537    696.5954817    216.8652923    391.8189653
    1710.000    -799.3656744    697.8674316    216.8683553    393.9876335
    1720.000    -806.3506776    699.1319825    216.8713652    396.1563322
    1730.000    -813.3482897    700.3892199    216.8743230    398.3250607
    1740.000    -820.3584379    701.6392278    216.8772301    400.4938185
    1750.000    -827.3810504    702.8820889    216.8800875    402.6626051
    1760.000    -834.4160562    704.1178842    216.8828965    404.8314201
    1770.000    -841.4633848    705.3466936    216.8856580    407.0002629
    1780.000    -848.5229670    706.5685955    216.8883731    409.1691331
    1790.000    -855.5947340    707.7836671    216.8910429    411.3380302
    1800.000    -862.6786178    708.9919842    216.8936684    413.5069538
    1810.000    -869.7745514    710.1936214    216.8962506    415.6759034
    1820.000    -876.8824682    711.3886521    216.8987903    417.8448787
    1830.000    -884.0023027    712.5771485    216.9012886    420.0138791
    1840.000    -891.1339897    713.7591815    216.9037463    422.1829043
    1850.000    -898.2774650    714.9348210    216.9061643    424.3519539
    1860.000    -905.4326650    716.1041357    216.9085434    426.5210274
    1870.000    -912.5995268    717.2671933    216.9108846    428.6901246
    1880.000    -919.7779882    718.4240602    216.9131885    430.8592450
    1890.000    -926.9679876    719.5748021    216.9154559    433.0283883
    1900.000    -934.1694641    720.7194832    216.9176877    435.1975540
    1910.000    -941.3823573    721.8581671    216.9198845    437.3667419
    1920.000    -948.6066076    722.9909163    216.9220472    439.5359516
    1930.000    -955.8421560    724.1177921    216.9241764    441.7051827
    1940.000    -963.0889441    725.2388552    216.9262727    443.8744350
    1950.000    -970.3469140    726.3541652    216.9283369    446.0437081
    1960.000    -977.6160084    727.4637806    216.9303696    448.2130016
    1970.000    -984.8961708    728.5677595    216.9323715    450.3823154
    1980.000    -992.1873450    729.6661586    216.9343432    452.5516490
    1990.000    -999.4894756    730.7590340    216.9362852    454.7210021
    2000.000   -1006.8025075    731.8464410    216.9381982    456.8903746