       0.000      82.9739219      0.0000000      0.0000000     82.9739219
      10.000      82.9702358      1.0276699      1.9948198     82.9805125
      20.000      82.9437909      5.0250369     13.1006241     83.0442916
      30.000      82.8499479     14.8761768     39.8802908     83.2962332
      40.000      82.6236731     31.4213510     78.0986480     83.8805271
      50.000      82.2038866     53.2407374    118.7841162     84.8659235
      60.000      81.5481596     78.2860687    156.3331734     86.2453237
      70.000      80.6330154    104.8960430    188.8877137     87.9757384
      80.000      79.4487327    131.9726030    216.5006086     90.0065410
      90.000      77.9942241    158.8605146    239.8914633     92.2916704
     100.000      76.2733810    185.1966425    259.8808266     94.7930453
     110.000      74.2927571    210.7963600    277.1858965     97.4803567
     120.000      72.0601822    235.5794652    292.3726815    100.3297180
     130.000      69.5839640    259.5247490    305.8670304    103.3221813
     140.000      66.8724455    282.6430481    317.9827226    106.4424723
     150.000      63.9337695    304.9616351    328.9501502    109.6780148
     160.000      60.7757626    326.5153686    338.9401086    113.0182216
     170.000      57.4058865    347.3417994    348.0817452    116.4539924
     180.000      53.8312254    367.4785553    356.4753835    119.9773654
     190.000      50.0584928    386.9620171    364.2013705    123.5812761
     200.000      46.0940474    405.8267105    371.3260404    127.2593895
     210.000      41.9439128    424.1050864    377.9056758    131.0059809
     220.000      37.6137986    441.8275047    383.9891193    134.8158496
     230.000      33.1091212    459.0223149    389.6194973    138.6842536
     240.000      28.4350226    475.7159821    394.8353673    142.6068583
     250.000      23.5963894    491.9332243    399.6714988    146.5796955
     260.000      18.5978690    507.6971496    404.1594214    150.5991279
     270.000      13.4438852    523.0293848    408.3278259    154.6618191
     280.000       8.1386526    537.9501937    412.2028733    158.7647068
     290.000       2.6861893    552.4785837    415.8084442    162.9049786
     300.000      -2.9096706    566.6324033    419.1663491    167.0800504
     310.000      -8.6452662    580.4284285    422.2965122    171.2875466
     320.000     -14.5170993    593.8824424    425.2171353    175.5252823
     330.000     -20.5218247    607.0093064    427.9448467    179.7912464
     340.000     -26.6562417    619.8230255    430.4948376    184.0835870
     350.000     -32.9172855    632.3368076    432.8809870    188.4005972
     360.000     -39.3020197    644.5631185    435.1159767    192.7407030
     370.000     -45.8076289    656.5137312    437.2113972    197.1024516
     380.000     -52.4314124    668.1997725    439.1778449    201.4845011
     390.000     -59.1707776    679.6317656    441.0250109    205.8856110
     400.000     -66.0232342    690.8196689    442.7617625    210.3046334
     410.000     -72.9863888    701.7729126    444.3962175    214.7405053
     420.000     -80.0579401    712.5004325    445.9358119    219.1922416
     430.000     -87.2356734    723.0107012    447.3873617    223.6589281
     440.000     -94.5174568    733.3117568    448.7571187    228.1397162
     450.000    -101.9012366    743.4112304    450.0508213    232.6338171
     460.000    -109.3850336    753.3163704    451.2737412    237.1404968
     470.000    -116.9669392    763.0340668    452.4307245    241.6590721
     480.000    -124.6451120    772.5708717    453.5262301    246.1889064
     490.000    -132.4177745    781.9330205    454.5643641    250.7294055
     500.000    -140.2832101    791.1264503    455.5489105    255.2800151
     510.000    -148.2397600    800.1568173    456.4833599    259.8402168
     520.000    -156.2858209    809.0295133    457.3709347    264.4095260
     530.000    -164.4198419    817.7496812    458.2146124    268.9874892
     540.000    -172.6403225    826.3222289    459.0171467    273.5736812
     550.000    -180.9458100    834.7518428    459.7810862    278.1677035
     560.000    -189.3348978    843.0429999    460.5087921    282.7691821
     570.000    -197.8062228    851.1999801    461.2024536    287.3777659
     580.000    -206.3584638    859.2268764    461.8641022    291.9931245
     590.000    -214.9903398    867.1276056    462.4956248    296.6149475
     600.000    -223.7006079    874.9059172    463.0987753    301.2429424
     610.000    -232.4880621    882.5654032    463.6751852    305.8768339
     620.000    -241.3515314    890.1095056    464.2263739    310.5163621
     630.000    -250.2898786    897.5415248    464.7537568    315.1612820
     640.000    -259.3019988    904.8646267    465.2586542    319.8113623
     650.000    -268.3868182    912.0818499    465.7422982    324.4663843
     660.000    -277.5432926    919.1961119    466.2058397    329.1261412
     670.000    -286.7704066    926.2102153    466.6503544    333.7904376
     680.000    -296.0671721    933.1268534    467.0768487    338.4590883
     690.000    -305.4326274    939.9486161    467.4862645    343.1319177
     700.000    -314.8658364    946.6779943    467.8794846    347.8087596
     710.000    -324.3658874    953.3173852    468.2573363    352.4894562
     720.000    -333.9318919    959.8690966    468.6205959    357.1738577
     730.000    -343.5629844    966.3353511    468.9699921    361.8618219
     740.000    -353.2583212    972.7182903    469.3062096    366.5532136
     750.000    -363.0170794    979.0199783    469.6298922    371.2479043
     760.000    -372.8384566    985.2424056    469.9416452    375.9457717
     770.000    -382.7216697    991.3874923    470.2420387    380.6466993
     780.000    -392.6659548    997.4570913    470.5316097    385.3505764
     790.000    -402.6705659   1003.4529912    470.8108641    390.0572971
     800.000    -412.7347747   1009.3769195    471.0802792    394.7667609
     810.000    -422.8578700   1015.2305449    471.3403054    399.4788714
     820.000    -433.0391567   1021.0154802    471.5913681    404.1935371
     830.000    -443.2779558   1026.7332844    471.8338689    408.9106703
     840.000    -453.5736036   1032.3854653    472.0681879    413.6301872
     850.000    -463.9254512   1037.9734814    472.2946842    418.3520079
     860.000    -474.3328641   1043.4987442    472.5136980    423.0760560
     870.000    -484.7952215   1048.9626201    472.7255512    427.8022580
     880.000    -495.3119163   1054.3664323    472.9305490    432.5305441
     890.000    -505.8823542   1059.7114622    473.1289806    437.2608471
     900.000    -516.5059537   1064.9989516    473.3211202    441.9931028
     910.000    -527.1821454   1070.2301043    473.5072282    446.7272494
     920.000    -537.9103719   1075.4060869    473.6875516    451.4632280
     930.000    -548.6900871   1080.5280312    473.8623253    456.2009820
     940.000    -559.5207561   1085.5970350    474.0317722    460.9404568
     950.000    -570.4018548   1090.6141634    474.1961045    465.6816004
     960.000    -581.3328699   1095.5804504    474.3555240    470.4243625
     970.000    -592.3132977   1100.4968998    474.5102225    475.1686951
     980.000    -603.3426450   1105.3644866    474.6603830    479.9145518
     990.000    -614.4204277   1110.1841575    474.8061796    484.6618882
    1000.000    -625.5461715   1114.9568329    474.9477781    489.4106614
    1010.000    -636.7194107   1119.6834070    475.0853369    494.1608303
    1020.000    -647.9396889   1124.3647491    475.2190067    498.9123552
    1030.000    -659.2065578   1129.0017046    475.3489316    503.6651980
    1040.000    -670.5195777   1133.5950957    475.4752489    508.4193218
    1050.000    -681.8783171   1138.1457224    475.5980900    513.1746914
    1060.000    -693.2823522   1142.6543629    475.7175801    517.9312725
    1070.000    -704.7312670   1147.1217749    475.8338390    522.6890322
    1080.000    -716.2246528   1151.5486959    475.9469814    527.4479388
    1090.000    -727.7621083   1155.9358441    476.0571168    532.2079618
    1100.000    -739.3432394   1160.2839190    476.1643499    536.9690715
    1110.000    -750.9676587   1164.5936020    476.2687812    541.7312395
    1120.000    -762.6349857   1168.8655570    476.3705067    546.4944381
    1130.000    -774.3448463   1173.1004311    476.4696184    551.2586409
    1140.000    -786.0968728   1177.2988551    476.5662044    556.0238221
    1150.000    -797.8907039   1181.4614441    476.6603493    560.7899568
    1160.000    -809.7259842   1185.5887978    476.7521341    565.5570212
    1170.000    -821.6023644   1189.6815011    476.8416365    570.3249919
    1180.000    -833.5195007   1193.7401248    476.9289311    575.0938466
    1190.000    -845.4770551   1197.7652257    477.0140893    579.8635634
    1200.000    -857.4746952   1201.7573472    477.0971800    584.6341214
    1210.000    -869.5120939   1205.7170200    477.1782691    589.4055003
    1220.000    -881.5889292   1209.6447620    477.2574200    594.1776804
    1230.000    -893.7048844   1213.5410788    477.3346935    598.9506425
    1240.000    -905.8596477   1217.4064644    477.4101484    603.7243682
    1250.000    -918.0529122   1221.2414014    477.4838407    608.4988396
    1260.000    -930.2843758   1225.0463612    477.5558248    613.2740393
    1270.000    -942.5537410   1228.8218044    477.6261527    618.0499505
    1280.000    -954.8607150   1232.5681812    477.6948745    622.8265570
    1290.000    -967.2050092   1236.2859318    477.7620385    627.6038428
    1300.000    -979.5863396   1239.9754864    477.8276913    632.3817927
    1310.000    -992.0044264   1243.6372658    477.8918774    637.1603918
    1320.000   -1004.4589937   1247.2716813    477.9546402    641.9396255
    1330.000   -1016.9497701   1250.8791354    478.0160211    646.7194800
    1340.000   -1029.4764879   1254.4600219    478.0760602    651.4999415
    1350.000   -1042.0388833   1258.0147260    478.1347961    656.2809968
    1360.000   -1054.6366964   1261.5436247    478.1922662    661.0626332
    1370.000   -1067.2696710   1265.0470869    478.2485063    665.8448381
    1380.000   -1079.9375546   1268.5254738    478.3035511    670.6275993
    1390.000   -1092.6400981   1271.9791391    478.3574341    675.4109052
    1400.000   -1105.3770561   1275.4084288    478.4101876    680.1947442
    1410.000   -1118.1481865   1278.8136822    478.4618429    684.9791053
    1420.000   -1130.9532507   1282.1952312    478.5124300    689.7639775
    1430.000   -1143.7920132   1285.5534012    478.5619781    694.5493504
    1440.000   -1156.6642419   1288.8885108    478.6105153    699.3352137
    1450.000   -1169.5697076   1292.2008725    478.6580688    704.1215575
    1460.000   -1182.5081845   1295.4907921    478.7046650    708.9083719
    1470.000   -1195.4794497   1298.7585696    478.7503291    713.6956477
    1480.000   -1208.4832831   1302.0044990    478.7950859    718.4833755
    1490.000   -1221.5194678   1305.2288686    478.8389590    723.2715464
    1500.000   -1234.5877895   1308.4319609    478.8819716    728.0601518
    1510.000   -1247.6880370   1311.6140530    478.9241458    732.8491831
    1520.000   -1260.8200015   1314.7754168    478.9655033    737.6386320
    1530.000   -1273.9834771   1317.9163187    479.0060649    742.4284905
    1540.000   -1287.1782605   1321.0370203    479.0458508    747.2187507
    1550.000   -1300.4041510   1324.1377781    479.0848807    752.0094050
    1560.000   -1313.6609505   1327.2188438    479.1231734    756.8004459
    1570.000   -1326.9484631   1330.2804644    479.1607473    761.5918660
    1580.000   -1340.2664957   1333.3228824    479.1976203    766.3836585
    1590.000   -1353.6148575   1336.3463357    479.2338096    771.1758162
    1600.000   -1366.9933600   1339.3510578    479.2693320    775.9683324
    1610.000   -1380.4018170   1342.3372781    479.3042037    780.7612006
    1620.000   -1393.8400447   1345.3052216    479.3384405    785.5544144
    1630.000   -1407.3078613   1348.2551096    479.3720575    790.3479674
    1640.000   -1420.8050874   1351.1871591    479.4050697    795.1418535
    1650.000   -1434.3315457   1354.1015833    479.4374913    799.9360668
    1660.000   -1447.8870610   1356.9985918    479.4693364    804.7306014
    1670.000   -1461.4714602   1359.8783903    479.5006185    809.5254517
    1680.000   -1475.0845721   1362.7411810    479.5313508    814.3206120
    1690.000   -1488.7262278   1365.5871625    479.5615459    819.1160769
    1700.000   -1502.3962600   1368.4165301    479.5912164    823.9118411
    1710.000   -1516.0945036   1371.2294755    479.6203743    828.7078995
    1720.000   -1529.8207954   1374.0261874    479.6490313    833.5042470
    1730.000   -1543.5749739   1376.8068511    479.6771987    838.3008785
    1740.000   -1557.3568795   1379.5716488    479.7048876    843.0977893
    1750.000   -1571.1663546   1382.3207596    479.7321087    847.8949747
    1760.000   -1585.0032430   1385.0543597    479.7588726    852.6924300
    1770.000   -1598.8673906   1387.7726222    479.7851893    857.4901507
    1780.000   -1612.7586449   1390.4757175    479.8110687    862.2881323
    1790.000   -1626.6768550   1393.1638132    479.8365205    867.0863706
    1800.000   -1640.6218717   1395.8370739    479.8615539    871.8848613
    1810.000   -1654.5935475   1398.4956618    479.8861781    876.6836003
    1820.000   -1668.5917366   1401.1397363    479.9104020    881.4825836
    1830.000   -1682.6162944   1403.7694544    479.9342341    886.2818071
    1840.000   -1696.6670783   1406.3849703    479.9576827    891.0812670
    1850.000   -1710.7439470   1408.9864359    479.9807562    895.8809595
    1860.000   -1724.8467607   1411.5740008    480.0034624    900.6808809
    1870.000   -1738.9753812   1414.1478121    480.0258090    905.4810275
    1880.000   -1753.1296716   1416.7080146    480.0478036    910.2813959
    1890.000   -1767.3094966   1419.2547508    480.0694535    915.0819824
    1900.000   -1781.5147222   1421.7881610    480.0907658    919.8827838
    1910.000   -1795.7452158   1424.3083835    480.1117476    924.6837966
    1920.000   -1810.0008463   1426.8155542    480.1324056    929.4850177
    1930.000   -1824.2814839   1429.3098070    480.1527464    934.2864437
    1940.000   -1838.5869999   1431.7912739    480.1727765    939.0880716
    1950.000   -1852.9172671   1434.2600848    480.1925022    943.8898982
    1960.000   -1867.2721598   1436.7163676    480.2119295    948.6919206
    1970.000   -1881.6515532   1439.1602482    480.2310644    953.4941358
    1980.000   -1896.0553238   1441.5918509    480.2499128    958.2965410
    1990.000   -1910.4833497   1444.0112979    480.2684804    963.0991332
    2000.000   -1924.9355097   1446.4187097    480.2867726    967.9019096