       0.000     153.1528972      0.0000000      0.0000000    153.1528972
      10.000     153.1517615      0.4648915      1.4569830    153.1564104
      20.000     153.1317613      4.6855810     17.0326517    153.2254729
      30.000     153.0166355     21.3646038     79.5575929    153.6575736
      40.000     152.6323673     59.3065530    197.0815876    155.0046294
      50.000     151.7588700    118.5555817    341.0480479    157.6866491
      60.000     150.2087995    193.5345265    484.1013097    161.8208711
      70.000     147.8566480    278.0241760    612.3769601    167.3183403
      80.000     144.6330449    367.1487621    721.7618506    174.0049458
      90.000     140.5094198    457.5901228    812.8843867    181.6925309
     100.000     135.4839169    547.2569974    888.1095996    190.2096167
     110.000     129.5710659    634.9061061    950.1302748    199.4107376
     120.000     122.7948608    719.8467765   1001.4129575    209.1764740
     130.000     115.1843208    801.7373172   1044.0349497    219.4101721
     140.000     106.7707157    880.4517184   1079.6804955    230.0339563
     150.000      97.5858670    955.9944339   1109.6917786    240.9850321
     160.000      87.6611337   1028.4465223   1135.1313251    252.2125773
     170.000      77.0268281   1097.9318361   1156.8396108    263.6752402
     180.000      65.7119019   1164.5959259   1175.4831473    275.3391686
     190.000      53.7437997   1228.5929946   1191.5928320    287.1764687
     200.000      41.1484153   1290.0779511   1205.5938645    299.1640055
     210.000      27.9501106   1349.2016936   1217.8288484    311.2824663
     220.000      14.1717705   1406.1084397   1228.5755710    323.5156272
     230.000      -0.1651230   1460.9343471   1238.0606893    335.8497768
     240.000     -15.0404064   1513.8069414   1246.4702952    348.2732596
     250.000     -30.4351478   1564.8450430   1253.9581053    360.7761130
     260.000     -46.3315610   1614.1589924   1260.6518401    373.3497771
     270.000     -62.7129222   1661.8510468   1266.6582203    385.9868605
     280.000     -79.5634919   1708.0158664   1272.0669032    398.6809507
     290.000     -96.8684414   1752.7410388   1276.9536007    411.4264598
     300.000    -114.6137847   1796.1076088   1281.3825647    424.2184980
     310.000    -132.7863156   1838.1905949   1285.4085786    437.0527688
     320.000    -151.3735501   1879.0594801   1289.0785621    449.9254835
     330.000    -170.3636734   1918.7786722   1292.4328725    462.8332884
     340.000    -189.7454909   1957.4079304   1295.5063635    475.7732054
     350.000    -209.5083843   1995.0027575   1298.3292530    488.7425808
     360.000    -229.6422704   2031.6147598   1300.9278369    501.7390431
     370.000    -250.1375639   2067.2919747   1303.3250788    514.7604667
     380.000    -270.9851435   2102.0791695   1305.5411000    527.8049409
     390.000    -292.1763201   2136.0181127   1307.5935882    540.8707438
     400.000    -313.7028086   2169.1478208   1309.4981397    553.9563198
     410.000    -335.5567010   2201.5047820   1311.2685473    567.0602597
     420.000    -357.7304425   2233.1231595   1312.9170429    580.1812845
     430.000    -380.2168092   2264.0349761   1314.4545038    593.3182305
     440.000    -403.0088872   2294.2702820   1315.8906276    606.4700369
     450.000    -426.1000541   2323.8573075   1317.2340816    619.6357343
     460.000    -449.4839611   2352.8226014   1318.4926306    632.8144356
     470.000    -473.1545171   2381.1911582   1319.6732470    646.0053272
     480.000    -497.1058738   2408.9865323   1320.7822053    659.2076617
     490.000    -521.3324114   2436.2309444   1321.8251637    672.4207514
     500.000    -545.8287262   2462.9453766   1322.8072353    685.6439621
     510.000    -570.5896185   2489.1496610   1323.7330497    698.8767086
     520.000    -595.6100816   2514.8625600   1324.6068062    712.1184496
     530.000    -620.8852911   2540.1018397   1325.4323212    725.3686840
     540.000    -646.4105959   2564.8843384   1326.2130688    738.6269469
     550.000    -672.1815086   2589.2260278   1326.9522170    751.8928067
     560.000    -698.1936977   2613.1420712   1327.6526597    765.1658622
     570.000    -724.4429793   2636.6468755   1328.3170440    778.4457397
     580.000    -750.9253101   2659.7541399   1328.9477954    791.7320910
     590.000    -777.6367805   2682.4769008   1329.5471393    805.0245910
     600.000    -804.5736079   2704.8275731   1330.1171207    818.3229359
     610.000    -831.7321312   2726.8179884   1330.6596214    831.6268418
     620.000    -859.1088045   2748.4594307   1331.1763751    844.9360425
     630.000    -886.7001925   2769.7626687   1331.6689814    858.2502888
     640.000    -914.5029649   2790.7379867   1332.1389177    871.5693466
     650.000    -942.5138919   2811.3952125   1332.5875506    884.8929962
     660.000    -970.7298402   2831.7437440   1333.0161454    898.2210308
     670.000    -999.1477679   2851.7925732   1333.4258751    911.5532562
     680.000   -1027.7647214   2871.5503095   1333.8178284    924.8894891
     690.000   -1056.5778313   2891.0252002   1334.1930166    938.2295569
     700.000   -1085.5843089   2910.2251509   1334.5523803    951.5732967
     710.000   -1114.7814431   2929.1577434   1334.8967952    964.9205547
     720.000   -1144.1665969   2947.8302533   1335.2270774    978.2711855
     730.000   -1173.7372046   2966.2496661   1335.5439882    991.6250517
     740.000   -1203.4907690   2984.4226919   1335.8482383   1004.9820231
     750.000   -1233.4248586   3002.3557801   1336.1404920   1018.3419764
     760.000   -1263.5371055   3020.0551322   1336.4213706   1031.7047950
     770.000   -1293.8252021   3037.5267142   1336.6914558   1045.0703679
     780.000   -1324.2868997   3054.7762687   1336.9512927   1058.4385899
     790.000   -1354.9200058   3071.8093254   1337.2013924   1071.8093613
     800.000   -1385.7223823   3088.6312116   1337.4422346   1085.1825869
     810.000   -1416.6919433   3105.2470616   1337.6742700   1098.5581766
     820.000   -1447.8266533   3121.6618264   1337.8979220   1111.9360444
     830.000   -1479.1245255   3137.8802818   1338.1135890   1125.3161084
     840.000   -1510.5836199   3153.9070366   1338.3216462   1138.6982908
     850.000   -1542.2020420   3169.7465403   1338.5224469   1152.0825172
     860.000   -1573.9779409   3185.4030902   1338.7163241   1165.4687167
     870.000   -1605.9095079   3200.8808385   1338.9035921   1178.8568216
     880.000   -1637.9949751   3216.1837983   1339.0845475   1192.2467675
     890.000   -1670.2326141   3231.3158501   1339.2594705   1205.6384925
     900.000   -1702.6207349   3246.2807473   1339.4286259   1219.0319377
     910.000   -1735.1576840   3261.0821216   1339.5922642   1232.4270466
     920.000   -1767.8418440   3275.7234884   1339.7506225   1245.8237653
     930.000   -1800.6716318   3290.2082516   1339.9039251   1259.2220422
     940.000   -1833.6454980   3304.5397082   1340.0523848   1272.6218277
     950.000   -1866.7619256   3318.7210527   1340.1962033   1286.0230744
     960.000   -1900.0194290   3332.7553812   1340.3355716   1299.4257369
     970.000   -1933.4165532   3346.6456957   1340.4706715   1312.8297716
     980.000   -1966.9518726   3360.3949075   1340.6016751   1326.2351367
     990.000   -2000.6239904   3374.0058409   1340.7287464   1339.6417920
    1000.000   -2034.4315376   3387.4812367   1340.8520409   1353.0496991
    1010.000   -2068.3731722   3400.8237554   1340.9717066   1366.4588208
    1020.000   -2102.4475784   3414.0359804   1341.0878845   1379.8691216
    1030.000   -2136.6534659   3427.1204205   1341.2007087   1393.2805673
    1040.000   -2170.9895690   3440.0795135   1341.3103068   1406.6931250
    1050.000   -2205.4546462   3452.9156279   1341.4168007   1420.1067631
    1060.000   -2240.0474793   3465.6310664   1341.5203063   1433.5214510
    1070.000   -2274.7668728   3478.2280676   1341.6209342   1446.9371596
    1080.000   -2309.6116532   3490.7088089   1341.7187901   1460.3538605
    1090.000   -2344.5806685   3503.0754082   1341.8139749   1473.7715265
    1100.000   -2379.6727877   3515.3299265   1341.9065846   1487.1901314
    1110.000   -2414.8869001   3527.4743694   1341.9967114   1500.6096499
    1120.000   -2450.2219147   3539.5106896   1342.0844430   1514.0300576
    1130.000   -2485.6767598   3551.4407884   1342.1698637   1527.4513311
    1140.000   -2521.2503826   3563.2665176   1342.2530536   1540.8734475
    1150.000   -2556.9417483   3574.9896811   1342.3340899   1554.2963850
    1160.000   -2592.7498402   3586.6120367   1342.4130461   1567.7201223
    1170.000   -2628.6736587   3598.1352974   1342.4899928   1581.1446392
    1180.000   -2664.7122214   3609.5611332   1342.5649975   1594.5699157
    1190.000   -2700.8645621   3620.8911722   1342.6381250   1607.9959329
    1200.000   -2737.1297308   3632.1270025   1342.7094373   1621.4226722
    1210.000   -2773.5067933   3643.2701728   1342.7789941   1634.8501158
    1220.000   -2809.9948304   3654.3221941   1342.8468524   1648.2782464
    1230.000   -2846.5929382   3665.2845411   1342.9130670   1661.7070473
    1240.000   -2883.3002272   3676.1586529   1342.9776905   1675.1365024
    1250.000   -2920.1158219   3686.9459343   1343.0407736   1688.5665960
    1260.000   -2957.0388610   3697.6477571   1343.1023647   1701.9973129
    1270.000   -2994.0684966   3708.2654607   1343.1625105   1715.4286385
    1280.000   -3031.2038942   3718.8003536   1343.2212558   1728.8605585
    1290.000   -3068.4442319   3729.2537140   1343.2786437   1742.2930591
    1300.000   -3105.7887008   3739.6267906   1343.3347158   1755.7261270
    1310.000   -3143.2365042   3749.9208041   1343.3895118   1769.1597491
    1320.000   -3180.7868573   3760.1369473   1343.4430703   1782.5939131
    1330.000   -3218.4389875   3770.2763865   1343.4954282   1796.0286065
    1340.000   -3256.1921332   3780.3402619   1343.5466210   1809.4638178
    1350.000   -3294.0455445   3790.3296887   1343.5966832   1822.8995352
    1360.000   -3331.9984825   3800.2457575   1343.6456476   1836.3357478
    1370.000   -3370.0502187   3810.0895353   1343.6935461   1849.7724446
    1380.000   -3408.2000357   3819.8620659   1343.7404095   1863.2096152
    1390.000   -3446.4472260   3829.5643708   1343.7862674   1876.6472494
    1400.000   -3484.7910923   3839.1974498   1343.8311482   1890.0853373
    1410.000   -3523.2309475   3848.7622813   1343.8750796   1903.5238692
    1420.000   -3561.7661137   3858.2598236   1343.9180881   1916.9628358
    1430.000   -3600.3959228   3867.6910145   1343.9601993   1930.4022280
    1440.000   -3639.1197158   3877.0567728   1344.0014381   1943.8420369
    1450.000   -3677.9368431   3886.3579980   1344.0418284   1957.2822539
    1460.000   -3716.8466636   3895.5955715   1344.0813932   1970.7228707
    1470.000   -3755.8485452   3904.7703567   1344.1201550   1984.1638791
    1480.000   -3794.9418643   3913.8831997   1344.1581352   1997.6052712
    1490.000   -3834.1260055   3922.9349294   1344.1953547   2011.0470393
    1500.000   -3873.4003619   3931.9263585   1344.2318338   2024.4891758
    1510.000   -3912.7643344   3940.8582834   1344.2675919   2037.9316736
    1520.000   -3952.2173318   3949.7314850   1344.3026478   2051.3745253
    1530.000   -3991.7587709   3958.5467288   1344.3370199   2064.8177242
    1540.000   -4031.3880757   3967.3047657   1344.3707258   2078.2612635
    1550.000   -4071.1046779   3976.0063320   1344.4037826   2091.7051366
    1560.000   -4110.9080165   3984.6521497   1344.4362068   2105.1493371
    1570.000   -4150.7975375   3993.2429275   1344.4680145   2118.5938587
    1580.000   -4190.7726939   4001.7793603   1344.4992212   2132.0386954
    1590.000   -4230.8329458   4010.2621302   1344.5298420   2145.4838412
    1600.000   -4270.9777599   4018.6919064   1344.5598913   2158.9292903
    1610.000   -4311.2066095   4027.0693457   1344.5893834   2172.3750371
    1620.000   -4351.5189745   4035.3950930   1344.6183320   2185.8210761
    1630.000   -4391.9143411   4043.6697811   1344.6467502   2199.2674020
    1640.000   -4432.3922020   4051.8940313   1344.6746510   2212.7140094
    1650.000   -4472.9520557   4060.0684539   1344.7020469   2226.1608933
    1660.000   -4513.5934070   4068.1936480   1344.7289499   2239.6080487
    1670.000   -4554.3157665   4076.2702019   1344.7553718   2253.0554707
    1680.000   -4595.1186508   4084.2986937   1344.7813240   2266.5031546
    1690.000   -4636.0015821   4092.2796910   1344.8068176   2279.9510957
    1700.000   -4676.9640882   4100.2137515   1344.8318632   2293.3992894
    1710.000   -4718.0057025   4108.1014234   1344.8564715   2306.8477315
    1720.000   -4759.1259638   4115.9432449   1344.8806523   2320.2964175
    1730.000   -4800.3244163   4123.7397453   1344.9044157   2333.7453431
    1740.000   -4841.6006094   4131.4914447   1344.9277711   2347.1945044
    1750.000   -4882.9540976   4139.1988542   1344.9507278   2360.6438972
    1760.000   -4924.3844405   4146.8624762   1344.9732949   2374.0935177
    1770.000   -4965.8912028   4154.4828049   1344.9954811   2387.5433619
    1780.000   -5007.4739539   4162.0603258   1345.0172949   2400.9934260
    1790.000   -5049.1322682   4169.5955166   1345.0387446   2414.4437065
    1800.000   -5090.8657247   4177.0888469   1345.0598383   2427.8941997
    1810.000   -5132.6739071   4184.5407786   1345.0805838   2441.3449021
    1820.000   -5174.5564038   4191.9517660   1345.1009887   2454.7958103
    1830.000   -5216.5128075   4199.3222559   1345.1210605   2468.2469208
    1840.000   -5258.5427154   4206.6526879   1345.1408063   2481.6982304
    1850.000   -5300.6457291   4213.9434946   1345.1602332   2495.1497359
    1860.000   -5342.8214546   4221.1951014   1345.1793479   2508.6014340
    1870.000   -5385.0695019   4228.4079271   1345.1981572   2522.0533218
    1880.000   -5427.3894853   4235.5823837   1345.2166676   2535.5053962
    1890.000   -5469.7810230   4242.7188768   1345.2348852   2548.9576542
    1900.000   -5512.2437376   4249.8178055   1345.2528163   2562.4100929
    1910.000   -5554.7772552   4256.8795627   1345.2704668   2575.8627096
    1920.000   -5597.3812062   4263.9045352   1345.2878426   2589.3155014
    1930.000   -5640.0552246   4270.8931037   1345.3049493   2602.7684655
    1940.000   -5682.7989482   4277.8456431   1345.3217924   2616.2215995
    1950.000   -5725.6120186   4284.7625226   1345.3383774   2629.6749005
    1960.000   -5768.4940810   4291.6441057   1345.3547094   2643.1283662
    1970.000   -5811.4447842   4298.4907503   1345.3707936   2656.5819939
    1980.000   -5854.4637807   4305.3028091   1345.3866351   2670.0357812
    1990.000   -5897.5507263   4312.0806292   1345.4022385   2683.4897258
    2000.000   -5940.7052803   4318.8245528   1345.4176088   2696.9438252
