       0.000     185.3452599      0.0000000      0.0000000    185.3452599
      10.000     185.3403135      2.2597776      8.6456999    185.3629113
      20.000     185.2118163     30.7142170    101.6666837    185.8261007
      30.000     184.5860821    100.0388538    253.5379745    187.5872477
      40.000     183.1290102    194.2411918    407.3427089    190.8986578
      50.000     180.6611225    300.6718660    549.5671584    195.6947158
      60.000     177.0983055    412.3759197    677.1199436    201.8408607
      70.000     172.4094357    525.3817649    789.4260541    209.1861592
      80.000     166.5942994    637.3297425    887.1418561    217.5806788
      90.000     159.6711070    746.8172684    971.5646414    226.8846611
     100.000     151.6688804    853.0392657   1044.2380966    236.9728069
     110.000     142.6226487    955.5710771   1106.7210671    247.7354672
     120.000     132.5703811   1054.2312248   1160.4686633    259.0781281
     130.000     121.5510304   1148.9926410   1206.7805222    270.9200737
     140.000     109.6032996   1239.9245587   1246.7866551    283.1927378
     150.000      96.7648835   1327.1542737   1281.4531121    295.8380245
     160.000      83.0720226   1410.8419809   1311.5970602    308.8067395
     170.000      68.5592624   1491.1642949   1337.9053443    322.0571925
     180.000      53.2593466   1568.3035691   1360.9533088    335.5539891
     190.000      37.2031962   1642.4410938   1381.2222699    349.2670041
     200.000      20.4199430   1713.7528891   1399.1149626    363.1705208
     210.000       2.9369956   1782.4072261   1414.9688007    377.2425131
     220.000     -15.2198751   1848.5632949   1429.0670493    391.4640498
     230.000     -34.0264422   1912.3706226   1441.6481293    405.8188010
     240.000     -53.4599253   1973.9689784   1452.9133098    420.2926295
     250.000     -73.4988936   2033.4885819   1463.0330405    434.8732519
     260.000     -94.1231723   2091.0504983   1472.1521549    449.5499573
     270.000    -115.3137536   2146.7671361   1480.3941423    464.3133732
     280.000    -137.0527126   2200.7427957   1487.8646578    479.1552702
     290.000    -159.3231295   2253.0742346   1494.6544100    494.0683985
     300.000    -182.1090165   2303.8512245   1500.8415420    509.0463508
     310.000    -205.3952509   2353.1570893   1506.4935978    524.0834468
     320.000    -229.1675131   2401.0692138   1511.6691525    539.1746353
     330.000    -253.4122297   2447.6595204   1516.4191661    554.3154121
     340.000    -278.1165210   2492.9949117   1520.7881124    569.5017490
     350.000    -303.2681530   2537.1376781   1524.8149216    584.7300344
     360.000    -328.8554931   2580.1458734   1528.5337722    599.9970214
     370.000    -354.8674695   2622.0736580   1531.9747562    615.2997840
     380.000    -381.2935338   2662.9716131   1535.1644404    630.6356791
     390.000    -408.1236269   2702.8870276   1538.1263422    646.0023138
     400.000    -435.3481471   2741.8641591   1540.8813330    661.3975165
     410.000    -462.9579210   2779.9444729   1543.4479820    676.8193129
     420.000    -490.9441771   2817.1668591   1545.8428497    692.2659038
     430.000    -519.2985204   2853.5678307   1548.0807395    707.7356468
     440.000    -548.0129102   2889.1817043   1550.1749140    723.2270397
     450.000    -577.0796386   2924.0407655   1552.1372805    738.7387058
     460.000    -606.4913110   2958.1754191   1553.9785526    754.2693817
     470.000    -636.2408281   2991.6143268   1555.7083886    769.8179055
     480.000    -666.3213687   3024.3845333   1557.3355130    785.3832072
     490.000    -696.7263750   3056.5115813   1558.8678212    800.9642998
     500.000    -727.4495371   3088.0196174   1560.3124717    816.5602715
     510.000    -758.4847803   3118.9314884   1561.6759661    832.1702788
     520.000    -789.8262519   3149.2688309   1562.9642195    847.7935401
     530.000    -821.4683103   3179.0521523   1564.1826224    863.4293304
     540.000    -853.4055132   3208.3009063   1565.3360949    879.0769762
     550.000    -885.6326082   3237.0335620   1566.4291349    894.7358509
     560.000    -918.1445227   3265.2676677   1567.4658603    910.4053712
     570.000    -950.9363554   3293.0199095   1568.4500469    926.0849930
     580.000    -984.0033677   3320.3061660   1569.3851612    941.7742086
     590.000   -1017.3409759   3347.1415581   1570.2743907    957.4725433
     600.000   -1050.9447441   3373.5404956   1571.1206697    973.1795533
     610.000   -1084.8103769   3399.5167204   1571.9267033    988.8948226
     620.000   -1118.9337132   3425.0833464   1572.6949882   1004.6179615
     630.000   -1153.3107203   3450.2528960   1573.4278315   1020.3486042
     640.000   -1187.9374875   3475.0373354   1574.1273678   1036.0864071
     650.000   -1222.8102215   3499.4481056   1574.7955743   1051.8310472
     660.000   -1257.9252406   3523.4961529   1575.4342844   1067.5822203
     670.000   -1293.2789704   3547.1919562   1576.0452001   1083.3396402
     680.000   -1328.8679391   3570.5455530   1576.6299028   1099.1030370
     690.000   -1364.6887729   3593.5665634   1577.1898638   1114.8721558
     700.000   -1400.7381925   3616.2642126   1577.7264529   1130.6467563
     710.000   -1437.0130088   3638.6473522   1578.2409471   1146.4266112
     720.000   -1473.5101195   3660.7244794   1578.7345376   1162.2115056
     730.000   -1510.2265056   3682.5037557   1579.2083366   1178.0012360
     740.000   -1547.1592280   3703.9930241   1579.6633839   1193.7956098
     750.000   -1584.3054246   3725.1998254   1580.1006519   1209.5944445
     760.000   -1621.6623072   3746.1314129   1580.5210514   1225.3975667
     770.000   -1659.2271588   3766.7947673   1580.9254355   1241.2048121
     780.000   -1696.9973308   3787.1966096   1581.3146044   1257.0160247
     790.000   -1734.9702408   3807.3434137   1581.6893091   1272.8310560
     800.000   -1773.1433698   3827.2414185   1582.0502551   1288.6497650
     810.000   -1811.5142600   3846.8966388   1582.3981053   1304.4720174
     820.000   -1850.0805127   3866.3148758   1582.7334837   1320.2976855
     830.000   -1888.8397862   3885.5017274   1583.0569773   1336.1266475
     840.000   -1927.7897939   3904.4625967   1583.3691392   1351.9587873
     850.000   -1966.9283023   3923.2027018   1583.6704910   1367.7939943
     860.000   -2006.2531289   3941.7270833   1583.9615245   1383.6321627
     870.000   -2045.7621411   3960.0406127   1584.2427039   1399.4731919
     880.000   -2085.4532540   3978.1479994   1584.5144680   1415.3169854
     890.000   -2125.3244292   3996.0537982   1584.7772310   1431.1634513
     900.000   -2165.3736728   4013.7624157   1585.0313852   1447.0125014
     910.000   -2205.5990344   4031.2781164   1585.2773013   1462.8640515
     920.000   -2245.9986058   4048.6050292   1585.5153307   1478.7180211
     930.000   -2286.5705191   4065.7471527   1585.7458061   1494.5743329
     940.000   -2327.3129458   4082.7083605   1585.9690430   1510.4329131
     950.000   -2368.2240958   4099.4924068   1586.1853406   1526.2936907
     960.000   -2409.3022156   4116.1029305   1586.3949828   1542.1565977
     970.000   -2450.5455877   4132.5434606   1586.5982392   1558.0215690
     980.000   -2491.9525296   4148.8174200   1586.7953659   1573.8885421
     990.000   -2533.5213920   4164.9281300   1586.9866064   1589.7574567
    1000.000   -2575.2505587   4180.8788141   1587.1721921   1605.6282554
    1010.000   -2617.1384453   4196.6726017   1587.3523434   1621.5008825
    1020.000   -2659.1834979   4212.3125321   1587.5272698   1637.3752848
    1030.000   -2701.3841929   4227.8015573   1587.6971710   1653.2514111
    1040.000   -2743.7390356   4243.1425459   1587.8622373   1669.1292121
    1050.000   -2786.2465597   4258.3382857   1588.0226500   1685.0086403
    1060.000   -2828.9053262   4273.3914872   1588.1785821   1700.8896502
    1070.000   -2871.7139231   4288.3047857   1588.3301985   1716.7721976
    1080.000   -2914.6709641   4303.0807448   1588.4776567   1732.6562403
    1090.000   -2957.7750885   4317.7218586   1588.6211071   1748.5417374
    1100.000   -3001.0249599   4332.2305541   1588.7606934   1764.4286495
    1110.000   -3044.4192661   4346.6091936   1588.8965528   1780.3169388
    1120.000   -3087.9567180   4360.8600773   1589.0288166   1796.2065686
    1130.000   -3131.6360492   4374.9854450   1589.1576104   1812.0975036
    1140.000   -3175.4560158   4388.9874784   1589.2830542   1827.9897097
    1150.000   -3219.4153948   4402.8683032   1589.4052630   1843.8831539
    1160.000   -3263.5129847   4416.6299907   1589.5243470   1859.7778045
    1170.000   -3307.7476042   4430.2745598   1589.6404115   1875.6736308
    1180.000   -3352.1180921   4443.8039789   1589.7535576   1891.5706030
    1190.000   -3396.6233064   4457.2201671   1589.8638823   1907.4686925
    1200.000   -3441.2621242   4470.5249965   1589.9714783   1923.3678716
    1210.000   -3486.0334412   4483.7202930   1590.0764348   1939.2681133
    1220.000   -3530.9361709   4496.8078382   1590.1788372   1955.1693917
    1230.000   -3575.9692446   4509.7893710   1590.2787678   1971.0716818
    1240.000   -3621.1316106   4522.6665885   1590.3763051   1986.9749591
    1250.000   -3666.4222342   4535.4411475   1590.4715251   2002.8792002
    1260.000   -3711.8400968   4548.1146658   1590.5645003   2018.7843821
    1270.000   -3757.3841960   4560.6887235   1590.6553007   2034.6904829
    1280.000   -3803.0535449   4573.1648640   1590.7439935   2050.5974811
    1290.000   -3848.8471719   4585.5445952   1590.8306434   2066.5053560
    1300.000   -3894.7641203   4597.8293905   1590.9153124   2082.4140874
    1310.000   -3940.8034480   4610.0206900   1590.9980605   2098.3236558
    1320.000   -3986.9642271   4622.1199012   1591.0789452   2114.2340424
    1330.000   -4033.2455437   4634.1284003   1591.1580220   2130.1452287
    1340.000   -4079.6464973   4646.0475330   1591.2353444   2146.0571970
    1350.000   -4126.1662008   4657.8786154   1591.3109637   2161.9699299
    1360.000   -4172.8037804   4669.6229346   1591.3849295   2177.8834107
    1370.000   -4219.5583745   4681.2817501   1591.4572897   2193.7976232
    1380.000   -4266.4291345   4692.8562941   1591.5280903   2209.7125513
    1390.000   -4313.4152235   4704.3477723   1591.5973758   2225.6281799
    1400.000   -4360.5158170   4715.7573649   1591.6651890   2241.5444939
    1410.000   -4407.7301017   4727.0862274   1591.7315714   2257.4614789
    1420.000   -4455.0572762   4738.3354908   1591.7965627   2273.3791207
    1430.000   -4502.4965499   4749.5062626   1591.8602017   2289.2974057
    1440.000   -4550.0471434   4760.5996276   1591.9225255   2305.2163204
    1450.000   -4597.7082880   4771.6166482   1591.9835700   2321.1358519
    1460.000   -4645.4792254   4782.5583651   1592.0433701   2337.0559876
    1470.000   -4693.3592077   4793.4257979   1592.1019592   2352.9767153
    1480.000   -4741.3474971   4804.2199459   1592.1593698   2368.8980229
    1490.000   -4789.4433656   4814.9417882   1592.2156333   2384.8198989
    1500.000   -4837.6460950   4825.5922846   1592.2707799   2400.7423318
    1510.000   -4885.9549766   4836.1723758   1592.3248391   2416.6653108
    1520.000   -4934.3693109   4846.6829842   1592.3778392   2432.5888251
    1530.000   -4982.8884077   4857.1250143   1592.4298077   2448.5128642
    1540.000   -5031.5115856   4867.4993529   1592.4807710   2464.4374179
    1550.000   -5080.2381720   4877.8068699   1592.5307551   2480.3624763
    1560.000   -5129.0675031   4888.0484185   1592.5797847   2496.2880298
    1570.000   -5177.9989233   4898.2248358   1592.6278840   2512.2140689
    1580.000   -5227.0317854   4908.3369430   1592.6750764   2528.1405845
    1590.000   -5276.1654504   4918.3855459   1592.7213845   2544.0675675
    1600.000   -5325.3992873   4928.3714354   1592.7668302   2559.9950093
    1610.000   -5374.7326727   4938.2953876   1592.8114347   2575.9229013
    1620.000   -5424.1649911   4948.1581644   1592.8552188   2591.8512352
    1630.000   -5473.6956346   4957.9605138   1592.8982024   2607.7800030
    1640.000   -5523.3240024   4967.7031702   1592.9404049   2623.7091967
    1650.000   -5573.0495014   4977.3868545   1592.9818450   2639.6388086
    1660.000   -5622.8715453   4987.0122749   1593.0225410   2655.5688311
    1670.000   -5672.7895550   4996.5801269   1593.0625106   2671.4992570
    1680.000   -5722.8029582   5006.0910936   1593.1017710   2687.4300790
    1690.000   -5772.9111895   5015.5458459   1593.1403388   2703.3612901
    1700.000   -5823.1136900   5024.9450432   1593.1782302   2719.2928835
    1710.000   -5873.4099073   5034.2893332   1593.2154610   2735.2248525
    1720.000   -5923.7992957   5043.5793525   1593.2520463   2751.1571906
    1730.000   -5974.2813156   5052.8157265   1593.2880011   2767.0898913
    1740.000   -6024.8554335   5061.9990701   1593.3233396   2783.0229485
    1750.000   -6075.5211222   5071.1299876   1593.3580759   2798.9563561
    1760.000   -6126.2778605   5080.2090730   1593.3922236   2814.8901081
    1770.000   -6177.1251328   5089.2369104   1593.4257960   2830.8241986
    1780.000   -6228.0624298   5098.2140741   1593.4588057   2846.7586221
    1790.000   -6279.0892473   5107.1411286   1593.4912654   2862.6933729
    1800.000   -6330.2050872   5116.0186293   1593.5231872   2878.6284456
    1810.000   -6381.4094565   5124.8471223   1593.5545829   2894.5638349
    1820.000   -6432.7018680   5133.6271448   1593.5854640   2910.4995356
    1830.000   -6484.0818396   5142.3592252   1593.6158416   2926.4355425
    1840.000   -6535.5488945   5151.0438833   1593.6457267   2942.3718508
    1850.000   -6587.1025609   5159.6816305   1593.6751297   2958.3084554
    1860.000   -6638.7423724   5168.2729700   1593.7040612   2974.2453518
    1870.000   -6690.4678673   5176.8183970   1593.7325309   2990.1825351
    1880.000   -6742.2785889   5185.3183988   1593.7605488   3006.1200009
    1890.000   -6794.1740854   5193.7734551   1593.7881243   3022.0577446
    1900.000   -6846.1539098   5202.1840377   1593.8152667   3037.9957619
    1910.000   -6898.2176195   5210.5506115   1593.8419850   3053.9340486
    1920.000   -6950.3647768   5218.8736339   1593.8682879   3069.8726003
    1930.000   -7002.5949485   5227.1535552   1593.8941841   3085.8114130
    1940.000   -7054.9077057   5235.3908187   1593.9196819   3101.7504826
    1950.000   -7107.3026241   5243.5858612   1593.9447894   3117.6898053
    1960.000   -7159.7792837   5251.7391126   1593.9695145   3133.6293771
    1970.000   -7212.3372685   5259.8509964   1593.9938650   3149.5691943
    1980.000   -7264.9761671   5267.9219294   1594.0178483   3165.5092532
    1990.000   -7317.6955720   5275.9523226   1594.0414719   3181.4495501
    2000.000   -7370.4950798   5283.9425806   1594.0647428   3197.3900815
