       0.000     160.4981831      0.0000000      0.0000000    160.4981831
      10.000     160.4806379      5.2152773     10.8139467    160.5327907
      20.000     160.3515992     22.9053921     49.3760716    160.8097070
      30.000     159.9750077     54.8356148    117.5349288    161.6200762
      40.000     159.2078986    100.7593649    208.7125979    163.2382732
      50.000     157.9221616    157.9436634    307.5560571    165.8193448
      60.000     156.0245715    222.4835855    401.8949237    169.3735867
      70.000     153.4596657    290.9051964    486.1152066    173.8230295
      80.000     150.2019910    360.6997159    559.0215865    179.0579683
      90.000     146.2465797    430.2430388    621.4438327    184.9684532
     100.000     141.6012807    498.5551472    674.8505068    191.4567954
     110.000     136.2814588    565.0813545    720.7335298    198.4404078
     120.000     130.3065807    629.5347405    760.3936758    205.8507496
     130.000     123.6980933    691.7925409    794.8994452    213.6311236
     140.000     116.4781349    751.8307293    825.1090371    221.7344370
     150.000     108.6687671    809.6834569    851.7085443    230.1212857
     160.000     100.2915280    865.4180884    875.2488637    238.7584221
     170.000      91.3671824    919.1198793    896.1761896    247.6175619
     180.000      81.9155943    970.8825874    914.8556576    256.6744600
     190.000      71.9556724   1020.8027459    931.5892021    265.9081941
     200.000      61.5053614   1068.9762053    946.6289437    275.3006024
     210.000      50.5816598   1115.4960889    960.1872546    284.8358384
     220.000      39.2006536   1160.4516347    972.4443960    294.5000132
     230.000      27.3775585   1203.9275931    983.5543870    304.2809049
     240.000      15.1267664   1246.0039743    993.6495766    314.1677203
     250.000       2.4618930   1286.7560138   1002.8442548    324.1508964
     260.000     -10.6041751   1326.2542714   1011.2375446    334.2219355
     270.000     -24.0592339   1364.5648102   1018.9157435    344.3732649
     280.000     -37.8917186   1401.7494203   1025.9542419    354.5981191
     290.000     -52.0906621   1437.8658643   1032.4191073    364.8904385
     300.000     -66.6456557   1472.9681304   1038.3684041    375.2447834
     310.000     -81.5468127   1507.1066838   1043.8533004    385.6562592
     320.000     -96.7847346   1540.3287103   1048.9190005    396.1204527
     330.000    -112.3504793   1572.6783490   1053.6055364    406.6333759
     340.000    -128.2355317   1604.1969119   1057.9484402    417.1914184
     350.000    -144.4317765   1634.9230900   1061.9793198    427.7913050
     360.000    -160.9314733   1664.8931452   1065.7263514    438.4300590
     370.000    -177.7272326   1694.1410883   1069.2147038    449.1049700
     380.000    -194.8119947   1722.6988441   1072.4669039    459.8135661
     390.000    -212.1790091   1750.5964040   1075.5031529    470.5535885
     400.000    -229.8218163   1777.8619657   1078.3416002    481.3229700
     410.000    -247.7342303   1804.5220637   1080.9985817    492.1198158
     420.000    -265.9103228   1830.6016877   1083.4888269    502.9423860
     430.000    -284.3444078   1856.1243927   1085.8256396    513.7890810
     440.000    -303.0310285   1881.1124002   1088.0210567    524.6584276
     450.000    -321.9649436   1905.5866909   1090.0859860    535.5490673
     460.000    -341.1411161   1929.5670904   1092.0303282    546.4597455
     470.000    -360.5547017   1953.0723483   1093.8630839    557.3893020
     480.000    -380.2010385   1976.1202107   1095.5924479    568.3366626
     490.000    -400.0756374   1998.7274871   1097.2258919    579.3008313
     500.000    -420.1741728   2020.9101127   1098.7702387    590.2808835
     510.000    -440.4924746   2042.6832050   1100.2317272    601.2759600
     520.000    -461.0265197   2064.0611168   1101.6160696    612.2852610
     530.000    -481.7724252   2085.0574847   1102.9285038    623.3080417
     540.000    -502.7264409   2105.6852747   1104.1738381    634.3436074
     550.000    -523.8849433   2125.9568234   1105.3564927    645.3913096
     560.000    -545.2444291   2145.8838769   1106.4805357    656.4505419
     570.000    -566.8015099   2165.4776269   1107.5497158    667.5207374
     580.000    -588.5529063   2184.7487435   1108.5674914    678.6013649
     590.000    -610.4954433   2203.7074066   1109.5370568    689.6919266
     600.000    -632.6260453   2222.3633343   1110.4613656    700.7919552
     610.000    -654.9417318   2240.7258099   1111.3431519    711.9010122
     620.000    -677.4396130   2258.8037064   1112.1849491    723.0186850
     630.000    -700.1168857   2276.6055102   1112.9891074    734.1445857
     640.000    -722.9708300   2294.1393421   1113.7578090    745.2783490
     650.000    -745.9988053   2311.4129781   1114.4930824    756.4196305
     660.000    -769.1982471   2328.4338676   1115.1968145    767.5681055
     670.000    -792.5666640   2345.2091515   1115.8707630    778.7234675
     680.000    -816.1016343   2361.7456783   1116.5165658    789.8854270
     690.000    -839.8008036   2378.0500199   1117.1357512    801.0537101
     700.000    -863.6618818   2394.1284855   1117.7297465    812.2280580
     710.000    -887.6826406   2409.9871354   1118.2998852    823.4082255
     720.000    -911.8609112   2425.6317939   1118.8474151    834.5939804
     730.000    -936.1945819   2441.0680606   1119.3735038    845.7851024
     740.000    -960.6815958   2456.3013222   1119.8792457    856.9813826
     750.000    -985.3199489   2471.3367625   1120.3656666    868.1826229
     760.000   -1010.1076883   2486.1793725   1120.8337293    879.3886348
     770.000   -1035.0429097   2500.8339597   1121.2843376    890.5992393
     780.000   -1060.1237562   2515.3051569   1121.7183413    901.8142662
     790.000   -1085.3484164   2529.5974302   1122.1365391    913.0335534
     800.000   -1110.7151228   2543.7150870   1122.5396830    924.2569468
     810.000   -1136.2221500   2557.6622830   1122.9284811    935.4842993
     820.000   -1161.8678136   2571.4430298   1123.3036004    946.7154708
     830.000   -1187.6504687   2585.0612006   1123.6656703    957.9503278
     840.000   -1213.5685082   2598.5205368   1124.0152845    969.1887427
     850.000   -1239.6203620   2611.8246540   1124.3530034    980.4305938
     860.000   -1265.8044955   2624.9770470   1124.6793569    991.6757649
     870.000   -1292.1194085   2637.9810957   1124.9948455   1002.9241448
     880.000   -1318.5636339   2650.8400694   1125.2999429   1014.1756272
     890.000   -1345.1357368   2663.5571318   1125.5950974   1025.4301105
     900.000   -1371.8343137   2676.1353457   1125.8807334   1036.6874974
     910.000   -1398.6579908   2688.5776765   1126.1572532   1047.9476948
     920.000   -1425.6054239   2700.8869970   1126.4250382   1059.2106134
     930.000   -1452.6752967   2713.0660907   1126.6844501   1070.4761676
     940.000   -1479.8663206   2725.1176555   1126.9358322   1081.7442756
     950.000   -1507.1772334   2737.0443074   1127.1795106   1093.0148586
     960.000   -1534.6067988   2748.8485833   1127.4157950   1104.2878412
     970.000   -1562.1538054   2760.5329446   1127.6449799   1115.5631508
     980.000   -1589.8170660   2772.0997796   1127.8673451   1126.8407180
     990.000   -1617.5954170   2783.5514069   1128.0831571   1138.1204759
    1000.000   -1645.4877176   2794.8900778   1128.2926696   1149.4023602
    1010.000   -1673.4928493   2806.1179786   1128.4961240   1160.6863091
    1020.000   -1701.6097150   2817.2372336   1128.6937504   1171.9722632
    1030.000   -1729.8372387   2828.2499069   1128.8857681   1183.2601654
    1040.000   -1758.1743646   2839.1580050   1129.0723864   1194.5499606
    1050.000   -1786.6200567   2849.9634786   1129.2538048   1205.8415958
    1060.000   -1815.1732984   2860.6682249   1129.4302137   1217.1350200
    1070.000   -1843.8330916   2871.2740893   1129.6017950   1228.4301840
    1080.000   -1872.5984566   2881.7828675   1129.7687225   1239.7270404
    1090.000   -1901.4684312   2892.1963070   1129.9311622   1251.0255435
    1100.000   -1930.4420706   2902.5161089   1130.0892727   1262.3256492
    1110.000   -1959.5184468   2912.7439295   1130.2432059   1273.6273150
    1120.000   -1988.6966480   2922.8813820   1130.3931071   1284.9304999
    1130.000   -2017.9757784   2932.9300377   1130.5391151   1296.2351642
    1140.000   -2047.3549578   2942.8914276   1130.6813631   1307.5412696
    1150.000   -2076.8333211   2952.7670438   1130.8199786   1318.8487793
    1160.000   -2106.4100176   2962.5583407   1130.9550836   1330.1576575
    1170.000   -2136.0842115   2972.2667361   1131.0867953   1341.4678697
    1180.000   -2165.8550806   2981.8936128   1131.2152260   1352.7793825
    1190.000   -2195.7218166   2991.4403195   1131.3404831   1364.0921636
    1200.000   -2225.6836242   3000.9081717   1131.4626702   1375.4061819
    1210.000   -2255.7397214   3010.2984534   1131.5818862   1386.7214071
    1220.000   -2285.8893389   3019.6124171   1131.6982265   1398.0378101
    1230.000   -2316.1317195   3028.8512860   1131.8117823   1409.3553624
    1240.000   -2346.4661183   3038.0162540   1131.9226416   1420.6740367
    1250.000   -2376.8918021   3047.1084869   1132.0308888   1431.9938065
    1260.000   -2407.4080493   3056.1291233   1132.1366049   1443.3146460
    1270.000   -2438.0141496   3065.0792756   1132.2398681   1454.6365304
    1280.000   -2468.7094035   3073.9600305   1132.3407533   1465.9594355
    1290.000   -2499.4931224   3082.7724498   1132.4393328   1477.2833378
    1300.000   -2530.3646282   3091.5175715   1132.5356761   1488.6082147
    1310.000   -2561.3232529   3100.1964099   1132.6298501   1499.9340441
    1320.000   -2592.3683388   3108.8099571   1132.7219193   1511.2608047
    1330.000   -2623.4992377   3117.3591830   1132.8119456   1522.5884757
    1340.000   -2654.7153112   3125.8450359   1132.8999889   1533.9170370
    1350.000   -2686.0159302   3134.2684439   1132.9861069   1545.2464690
    1360.000   -2717.4004749   3142.6303146   1133.0703551   1556.5767529
    1370.000   -2748.8683344   3150.9315361   1133.1527871   1567.9078701
    1380.000   -2780.4189064   3159.1729776   1133.2334545   1579.2398027
    1390.000   -2812.0515975   3167.3554899   1133.3124073   1590.5725335
    1400.000   -2843.7658225   3175.4799056   1133.3896935   1601.9060453
    1410.000   -2875.5610047   3183.5470401   1133.4653596   1613.2403219
    1420.000   -2907.4365751   3191.5576918   1133.5394505   1624.5753473
    1430.000   -2939.3919728   3199.5126424   1133.6120094   1635.9111058
    1440.000   -2971.4266448   3207.4126578   1133.6830781   1647.2475825
    1450.000   -3003.5400454   3215.2584882   1133.7526972   1658.5847626
    1460.000   -3035.7316364   3223.0508686   1133.8209056   1669.9226317
    1470.000   -3068.0008870   3230.7905191   1133.8877411   1681.2611761
    1480.000   -3100.3472734   3238.4781456   1133.9532403   1692.6003821
    1490.000   -3132.7702788   3246.1144398   1134.0174383   1703.9402366
    1500.000   -3165.2693933   3253.7000800   1134.0803695   1715.2807266
    1510.000   -3197.8441138   3261.2357309   1134.1420667   1726.6218398
    1520.000   -3230.4939435   3268.7220444   1134.2025620   1737.9635640
    1530.000   -3263.2183923   3276.1596598   1134.2618863   1749.3058872
    1540.000   -3296.0169764   3283.5492041   1134.3200696   1760.6487979
    1550.000   -3328.8892182   3290.8912923   1134.3771409   1771.9922849
    1560.000   -3361.8346461   3298.1865277   1134.4331283   1783.3363371
    1570.000   -3394.8527946   3305.4355022   1134.4880589   1794.6809439
    1580.000   -3427.9432039   3312.6387967   1134.5419593   1806.0260948
    1590.000   -3461.1054201   3319.7969811   1134.5948548   1817.3717797
    1600.000   -3494.3389950   3326.9106148   1134.6467703   1828.7179887
    1610.000   -3527.6434858   3333.9802470   1134.6977298   1840.0647120
    1620.000   -3561.0184551   3341.0064168   1134.7477565   1851.4119402
    1630.000   -3594.4634710   3347.9896534   1134.7968731   1862.7596641
    1640.000   -3627.9781068   3354.9304765   1134.8451015   1874.1078747
    1650.000   -3661.5619408   3361.8293964   1134.8924628   1885.4565632
    1660.000   -3695.2145567   3368.6869143   1134.9389778   1896.8057211
    1670.000   -3728.9355428   3375.5035226   1134.9846663   1908.1553400
    1680.000   -3762.7244924   3382.2797048   1135.0295479   1919.5054117
    1690.000   -3796.5810037   3389.0159361   1135.0736414   1930.8559283
    1700.000   -3830.5046795   3395.7126832   1135.1169651   1942.2068820
    1710.000   -3864.4951273   3402.3704049   1135.1595367   1953.5582651
    1720.000   -3898.5519590   3408.9895519   1135.2013737   1964.9100703
    1730.000   -3932.6747912   3415.5705673   1135.2424926   1976.2622902
    1740.000   -3966.8632447   3422.1138865   1135.2829099   1987.6149178
    1750.000   -4001.1169447   3428.6199376   1135.3226414   1998.9679461
    1760.000   -4035.4355206   3435.0891415   1135.3617024   2010.3213684
    1770.000   -4069.8186061   3441.5219119   1135.4001081   2021.6751780
    1780.000   -4104.2658388   3447.9186557   1135.4378728   2033.0293684
    1790.000   -4138.7768605   3454.2797731   1135.4750108   2044.3839334
    1800.000   -4173.3513168   3460.6056574   1135.5115358   2055.7388666
    1810.000   -4207.9888575   3466.8966959   1135.5474613   2067.0941621
    1820.000   -4242.6891358   3473.1532691   1135.5828002   2078.4498139
    1830.000   -4277.4518092   3479.3757516   1135.6175653   2089.8058162
    1840.000   -4312.2765385   3485.5645118   1135.6517688   2101.1621633
    1850.000   -4347.1629882   3491.7199124   1135.6854228   2112.5188497
    1860.000   -4382.1108267   3497.8423100   1135.7185390   2123.8758700
    1870.000   -4417.1197256   3503.9320558   1135.7511288   2135.2332187
    1880.000   -4452.1893601   3509.9894952   1135.7832032   2146.5908908
    1890.000   -4487.3194090   3516.0149683   1135.8147730   2157.9488811
    1900.000   -4522.5095541   3522.0088098   1135.8458487   2169.3071846
    1910.000   -4557.7594808   3527.9713494   1135.8764406   2180.6657965
    1920.000   -4593.0688778   3533.9029113   1135.9065587   2192.0247119
    1930.000   -4628.4374368   3539.8038150   1135.9362127   2203.3839261
    1940.000   -4663.8648530   3545.6743750   1135.9654120   2214.7434346
    1950.000   -4699.3508242   3551.5149011   1135.9941659   2226.1032329
    1960.000   -4734.8950519   3557.3256981   1136.0224834   2237.4633165
    1970.000   -4770.4972401   3563.1070666   1136.0503733   2248.8236811
    1980.000   -4806.1570961   3568.8593023   1136.0778440   2260.1843225
    1990.000   -4841.8743300   3574.5826968   1136.1049040   2271.5452366
    2000.000   -4877.6486549   3580.2775371   1136.1315615   2282.9064193
