       0.000      92.3959642      0.0000000      0.0000000     92.3959642
      10.000      92.3934070      0.8935332      2.3581256     92.4023423
      20.000      92.3632572      6.2989166     18.7267211     92.4892356
      30.000      92.2345731     21.5365406     65.6253867     92.8806693
      40.000      91.8857018     50.6241337    144.4402946     93.9106671
      50.000      91.1783035     92.7498558    237.2919397     95.8157963
      60.000      89.9998969    144.1210063    327.6557611     98.6471573
      70.000      88.2783628    200.7838384    407.5138449    102.3332315
      80.000      85.9767123    259.7337508    474.8522593    106.7554124
      90.000      83.0827828    318.9808438    530.4523225    111.7910587
     100.000      79.6002182    377.3081937    576.0272947    117.3310376
     110.000      75.5420398    434.0200751    613.3875699    123.2842481
     120.000      70.9264358    488.7528786    644.1358551    129.5767813
     130.000      65.7741212    541.3479985    669.5939416    136.1493610
     140.000      60.1067263    591.7703213    690.8179301    142.9545713
     150.000      53.9458377    640.0570859    708.6402579    149.9544006
     160.000      47.3124458    686.2861573    723.7143087    157.1182310
     170.000      40.2266446    730.5564954    736.5533925    164.4212488
     180.000      32.7074848    772.9762375    747.5623003    171.8432075
     190.000      24.7729211    813.6555267    757.0619652    179.3674712
     200.000      16.4398154    852.7022979    765.3084212    186.9802750
     210.000       7.7239717    890.2199060    772.5072830    194.6701519
     220.000      -1.3598114    926.3058981    778.8247905    202.4274862
     230.000     -10.7976790    961.0514896    784.3962514    210.2441636
     240.000     -20.5766565    994.5414690    789.3325187    218.1132961
     250.000     -30.6845854   1026.8543538    793.7249880    226.0290031
     260.000     -41.1100623   1058.0626909    797.6494724    233.9862373
     270.000     -51.8423811   1088.2334283    801.1692268    241.9806445
     280.000     -62.8714786   1117.4283184    804.3373233    250.0084505
     290.000     -74.1878850   1145.7043234    807.1985264    258.0663688
     300.000     -85.7826778   1173.1140100    809.7907854    266.1515252
     310.000     -97.6474397   1199.7059225    812.1464262    274.2613963
     320.000    -109.7742203   1225.5249310    814.2931115    282.3937576
     330.000    -122.1555007   1250.6125525    816.2546160    290.5466416
     340.000    -134.7841619   1275.0072449    818.0514581    298.7183014
     350.000    -147.6534550   1298.7446755    819.7014155    306.9071814
     360.000    -160.7569752   1321.8579639    821.2199494    315.1118918
     370.000    -174.0886367   1344.3779032    822.6205544    323.3311875
     380.000    -187.6426512   1366.3331594    823.9150491    331.5639494
     390.000    -201.4135069   1387.7504523    825.1138178    339.8091695
     400.000    -215.3959503   1408.6547190    826.2260130    348.0659373
     410.000    -229.5849690   1429.0692617    827.2597258    356.3334283
     420.000    -243.9757760   1449.0158813    828.2221291    364.6108942
     430.000    -258.5637951   1468.5149990    829.1195991    372.8976545
     440.000    -273.3446482   1487.5857658    829.9578189    381.1930887
     450.000    -288.3141426   1506.2461622    830.7418661    389.4966303
     460.000    -303.4682600   1524.5130885    831.4762885    397.8077607
     470.000    -318.8031460   1542.4024475    832.1651688    406.1260043
     480.000    -334.3151004   1559.9292187    832.8121800    414.4509246
     490.000    -350.0005689   1577.1075272    833.4206336    422.7821195
     500.000    -365.8561340   1593.9507053    833.9935217    431.1192187
     510.000    -381.8785079   1610.4713497    834.5335526    439.4618804
     520.000    -398.0645256   1626.6813732    835.0431825    447.8097884
     530.000    -414.4111377   1642.5920525    835.5246434    456.1626502
     540.000    -430.9154045   1658.2140717    835.9799667    464.5201942
     550.000    -447.5744907   1673.5575624    836.4110044    472.8821686
     560.000    -464.3856595   1688.6321401    836.8194481    481.2483390
     570.000    -481.3462676   1703.4469387    837.2068451    489.6184874
     580.000    -498.4537613   1718.0106410    837.5746125    497.9924105
     590.000    -515.7056711   1732.3315078    837.9240509    506.3699186
     600.000    -533.0996083   1746.4174044    838.2563550    514.7508344
     610.000    -550.6332609   1760.2758248    838.5726241    523.1349922
     620.000    -568.3043904   1773.9139148    838.8738707    531.5222368
     630.000    -586.1108276   1787.3384924    839.1610292    539.9124227
     640.000    -604.0504702   1800.5560680    839.4349624    548.3054133
     650.000    -622.1212797   1813.5728618    839.6964683    556.7010805
     660.000    -640.3212780   1826.3948209    839.9462856    565.0993037
     670.000    -658.6485456   1839.0276346    840.1850992    573.4999695
     680.000    -677.1012184   1851.4767494    840.4135447    581.9029712
     690.000    -695.6774857   1863.7473820    840.6322123    590.3082079
     700.000    -714.3755878   1875.8445321    840.8416512    598.7155846
     710.000    -733.1938141   1887.7729942    841.0423724    607.1250118
     720.000    -752.1305008   1899.5373686    841.2348522    615.5364046
     730.000    -771.1840292   1911.1420714    841.4195349    623.9496829
     740.000    -790.3528241   1922.5913444    841.5968352    632.3647707
     750.000    -809.6353516   1933.8892639    841.7671408    640.7815963
     760.000    -829.0301180   1945.0397492    841.9308141    649.2000914
     770.000    -848.5356677   1956.0465705    842.0881946    657.6201916
     780.000    -868.1505826   1966.9133564    842.2396003    666.0418354
     790.000    -887.8734797   1977.6436005    842.3853292    674.4649647
     800.000    -907.7030107   1988.2406684    842.5256614    682.8895240
     810.000    -927.6378600   1998.7078034    842.6608595    691.3154608
     820.000    -947.6767441   2009.0481329    842.7911707    699.7427249
     830.000    -967.8184101   2019.2646732    842.9168273    708.1712687
     840.000    -988.0616346   2029.3603349    843.0380482    716.6010467
     850.000   -1008.4052232   2039.3379279    843.1550393    725.0320155
     860.000   -1028.8480087   2049.2001659    843.2679949    733.4641340
     870.000   -1049.3888508   2058.9496705    843.3770983    741.8973626
     880.000   -1070.0266348   2068.5889756    843.4825225    750.3316637
     890.000   -1090.7602711   2078.1205308    843.5844308    758.7670013
     900.000   -1111.5886941   2087.5467058    843.6829776    767.2033411
     910.000   -1132.5108616   2096.8697932    843.7783091    775.6406502
     920.000   -1153.5257538   2106.0920118    843.8705634    784.0788970
     930.000   -1174.6323728   2115.2155101    843.9598714    792.5180516
     940.000   -1195.8297419   2124.2423691    844.0463571    800.9580851
     950.000   -1217.1169048   2133.1746047    844.1301381    809.3989697
     960.000   -1238.4929251   2142.0141711    844.2113258    817.8406792
     970.000   -1259.9568856   2150.7629624    844.2900261    826.2831880
     980.000   -1281.5078879   2159.4228159    844.3663394    834.7264717
     990.000   -1303.1450514   2167.9955137    844.4403613    843.1705071
    1000.000   -1324.8675134   2176.4827850    844.5121824    851.6152716
    1010.000   -1346.6744280   2184.8863086    844.5818891    860.0607437
    1020.000   -1368.5649658   2193.2077142    844.6495634    868.5069026
    1030.000   -1390.5383138   2201.4485847    844.7152836    876.9537285
    1040.000   -1412.5936742   2209.6104579    844.7791241    885.4012021
    1050.000   -1434.7302646   2217.6948281    844.8411559    893.8493049
    1060.000   -1456.9473173   2225.7031478    844.9014465    902.2980194
    1070.000   -1479.2440788   2233.6368290    844.9600604    910.7473283
    1080.000   -1501.6198096   2241.4972452    845.0170593    919.1972152
    1090.000   -1524.0737839   2249.2857323    845.0725019    927.6476643
    1100.000   -1546.6052889   2257.0035901    845.1264442    936.0986602
    1110.000   -1569.2136245   2264.6520836    845.1789399    944.5501883
    1120.000   -1591.8981034   2272.2324445    845.2300401    953.0022344
    1130.000   -1614.6580503   2279.7458716    845.2797940    961.4547846
    1140.000   -1637.4928016   2287.1935330    845.3282482    969.9078259
    1150.000   -1660.4017055   2294.5765661    845.3754478    978.3613454
    1160.000   -1683.3841212   2301.8960794    845.4214355    986.8153308
    1170.000   -1706.4394190   2309.1531532    845.4662525    995.2697702
    1180.000   -1729.5669797   2316.3488405    845.5099382   1003.7246521
    1190.000   -1752.7661946   2323.4841680    845.5525302   1012.1799654
    1200.000   -1776.0364652   2330.5601370    845.5940649   1020.6356992
    1210.000   -1799.3772027   2337.5777240    845.6345768   1029.0918432
    1220.000   -1822.7878282   2344.5378817    845.6740992   1037.5483874
    1230.000   -1846.2677720   2351.4415399    845.7126642   1046.0053220
    1240.000   -1869.8164737   2358.2896059    845.7503023   1054.4626376
    1250.000   -1893.4333818   2365.0829655    845.7870429   1062.9203251
    1260.000   -1917.1179536   2371.8224835    845.8229145   1071.3783756
    1270.000   -1940.8696548   2378.5090042    845.8579441   1079.8367806
    1280.000   -1964.6879597   2385.1433527    845.8921579   1088.2955318
    1290.000   -1988.5723507   2391.7263347    845.9255811   1096.7546211
    1300.000   -2012.5223178   2398.2587374    845.9582377   1105.2140408
    1310.000   -2036.5373594   2404.7413303    845.9901510   1113.6737834
    1320.000   -2060.6169809   2411.1748654    846.0213434   1122.1338414
    1330.000   -2084.7606956   2417.5600778    846.0518365   1130.5942079
    1340.000   -2108.9680238   2423.8976863    846.0816509   1139.0548759
    1350.000   -2133.2384930   2430.1883939    846.1108067   1147.5158387
    1360.000   -2157.5716376   2436.4328879    846.1393231   1155.9770899
    1370.000   -2181.9669990   2442.6318409    846.1672186   1164.4386231
    1380.000   -2206.4241248   2448.7859110    846.1945112   1172.9004323
    1390.000   -2230.9425697   2454.8957418    846.2212181   1181.3625114
    1400.000   -2255.5218943   2460.9619636    846.2473559   1189.8248547
    1410.000   -2280.1616657   2466.9851932    846.2729406   1198.2874567
    1420.000   -2304.8614569   2472.9660343    846.2979878   1206.7503118
    1430.000   -2329.6208470   2478.9050781    846.3225124   1215.2134147
    1440.000   -2354.4394211   2484.8029037    846.3465288   1223.6767603
    1450.000   -2379.3167696   2490.6600781    846.3700509   1232.1403436
    1460.000   -2404.2524890   2496.4771566    846.3930923   1240.6041597
    1470.000   -2429.2461809   2502.2546835    846.4156659   1249.0682039
    1480.000   -2454.2974526   2507.9931920    846.4377843   1257.5324715
    1490.000   -2479.4059164   2513.6932044    846.4594597   1265.9969581
    1500.000   -2504.5711901   2519.3552329    846.4807038   1274.4616593
    1510.000   -2529.7928961   2524.9797794    846.5015279   1282.9265708
    1520.000   -2555.0706623   2530.5673361    846.5219431   1291.3916885
    1530.000   -2580.4041212   2536.1183853    846.5419600   1299.8570083
    1540.000   -2605.7929099   2541.6334002    846.5615889   1308.3225264
    1550.000   -2631.2366706   2547.1128448    846.5808397   1316.7882388
    1560.000   -2656.7350498   2552.5571742    846.5997221   1325.2541419
    1570.000   -2682.2876985   2557.9668348    846.6182454   1333.7202321
    1580.000   -2707.8942724   2563.3422646    846.6364187   1342.1865057
    1590.000   -2733.5544312   2568.6838934    846.6542507   1350.6529593
    1600.000   -2759.2678390   2573.9921429    846.6717499   1359.1195896
    1610.000   -2785.0341641   2579.2674269    846.6889245   1367.5863932
    1620.000   -2810.8530790   2584.5101519    846.7057826   1376.0533670
    1630.000   -2836.7242600   2589.7207165    846.7223318   1384.5205079
    1640.000   -2862.6473874   2594.8995123    846.7385797   1392.9878127
    1650.000   -2888.6221456   2600.0469237    846.7545334   1401.4552785
    1660.000   -2914.6482225   2605.1633283    846.7702002   1409.9229024
    1670.000   -2940.7253101   2610.2490968    846.7855867   1418.3906815
    1680.000   -2966.8531036   2615.3045933    846.8006997   1426.8586132
    1690.000   -2993.0313022   2620.3301756    846.8155455   1435.3266946
    1700.000   -3019.2596085   2625.3261952    846.8301305   1443.7949232
    1710.000   -3045.5377287   2630.2929971    846.8444608   1452.2632964
    1720.000   -3071.8653722   2635.2309208    846.8585421   1460.7318116
    1730.000   -3098.2422520   2640.1402997    846.8723803   1469.2004664
    1740.000   -3124.6680842   2645.0214613    846.8859809   1477.6692584
    1750.000   -3151.1425882   2649.8747277    846.8993493   1486.1381853
    1760.000   -3177.6654868   2654.7004156    846.9124908   1494.6072447
    1770.000   -3204.2365056   2659.4988362    846.9254105   1503.0764344
    1780.000   -3230.8553736   2664.2702954    846.9381133   1511.5457522
    1790.000   -3257.5218227   2669.0150942    846.9506040   1520.0151959
    1800.000   -3284.2355876   2673.7335284    846.9628874   1528.4847635
    1810.000   -3310.9964063   2678.4258891    846.9749681   1536.9544530
    1820.000   -3337.8040195   2683.0924625    846.9868504   1545.4242622
    1830.000   -3364.6581706   2687.7335300    846.9985386   1553.8941893
    1840.000   -3391.5586060   2692.3493687    847.0100370   1562.3642324
    1850.000   -3418.5050748   2696.9402509    847.0213497   1570.8343895
    1860.000   -3445.4973287   2701.5064449    847.0324807   1579.3046588
    1870.000   -3472.5351222   2706.0482143    847.0434337   1587.7750385
    1880.000   -3499.6182124   2710.5658188    847.0542126   1596.2455269
    1890.000   -3526.7463589   2715.0595138    847.0648211   1604.7161222
    1900.000   -3553.9193239   2719.5295508    847.0752626   1613.1868227
    1910.000   -3581.1368719   2723.9761774    847.0855408   1621.6576269
    1920.000   -3608.3987702   2728.3996371    847.0956590   1630.1285330
    1930.000   -3635.7047882   2732.8001698    847.1056205   1638.5995395
    1940.000   -3663.0546979   2737.1780118    847.1154285   1647.0706449
    1950.000   -3690.4482736   2741.5333955    847.1250862   1655.5418476
    1960.000   -3717.8852918   2745.8665499    847.1345965   1664.0131461
    1970.000   -3745.3655313   2750.1777007    847.1439626   1672.4845391
    1980.000   -3772.8887732   2754.4670697    847.1531872   1680.9560249
    1990.000   -3800.4548008   2758.7348759    847.1622733   1689.4276023
    2000.000   -3828.0633995   2762.9813347    847.1712235   1697.8992699
