       0.000     264.6024991      0.0000000      0.0000000    264.6024991
      10.000     264.5969826      1.7014773      3.7236354    264.6139974
      20.000     264.5500748      9.1606230     25.6142010    264.7332873
      30.000     264.3635878     31.7781398    103.4962410    265.3169320
      40.000     263.8268196     80.2706737    249.9262512    267.0376466
      50.000     262.6689699    155.2957346    432.0597564    270.4337566
      60.000     260.6534032    250.5553317    617.1375488    275.6867231
      70.000     257.6149276    358.7509994    787.8855007    282.7274976
      80.000     253.4550271    474.0136293    938.3149419    291.3761174
      90.000     248.1250072    592.2175099   1068.0481635    301.4245831
     100.000     241.6100510    710.6419630   1178.9493890    312.6742474
     110.000     233.9172532    827.5628338   1273.5264617    324.9491649
     120.000     225.0673630    941.9275734   1354.2626108    338.0986718
     130.000     215.0892863   1053.1263384   1423.3756839    351.9957103
     140.000     204.0164805   1160.8379273   1482.7597719    366.5337903
     150.000     191.8846131   1264.9278196   1533.9988634    381.6237860
     160.000     178.7300546   1365.3810095   1578.4048909    397.1910161
     170.000     164.5889194   1462.2577478   1617.0604188    413.1727365
     180.000     149.4964697   1555.6643334   1650.8583567    429.5160497
     190.000     133.4867579   1645.7338230   1680.5362696    446.1761842
     200.000     116.5924272   1732.6133102   1706.7049917    463.1150892
     210.000      98.8446157   1816.4555817   1729.8720625    480.3002879
     220.000      80.2729290   1897.4137021   1750.4607501    497.7039435
     230.000      60.9054553   1975.6375673   1768.8254232    515.3020958
     240.000      40.7688091   2051.2717813   1785.2639606    533.0740366
     250.000      19.8881908   2124.4544241   1800.0277709    551.0017968
     260.000      -1.7125447   2195.3164153   1813.3298988    569.0697233
     270.000     -24.0108146   2263.9812748   1825.3515977    587.2641296
     280.000     -46.9852344   2330.5651428   1836.2476759    605.5730056
     290.000     -70.6155447   2395.1769664   1846.1508584    623.9857755
     300.000     -94.8825411   2457.9187888   1855.1753583    642.4930955
     310.000    -119.7680062   2518.8860972   1863.4198121    661.0866840
     320.000    -145.2546463   2578.1682004   1870.9697004    679.7591778
     330.000    -171.3260318   2635.8486163   1877.8993511    698.5040116
     340.000    -197.9665406   2692.0054560   1884.2736048    717.3153144
     350.000    -225.1613065   2746.7117963   1890.1492029    736.1878223
     360.000    -252.8961700   2800.0360361   1895.5759492    755.1168029
     370.000    -281.1576341   2852.0422322   1900.5976854    774.0979918
     380.000    -309.9328217   2902.7904154   1905.2531135    793.1275361
     390.000    -339.2094371   2952.3368840   1909.5764903    812.2019476
     400.000    -368.9757302   3000.7344774   1913.5982176    831.3180608
     410.000    -399.2204629   3048.0328288   1917.3453435    850.4729970
     420.000    -429.9328784   3094.2785987   1920.8419908    869.6641330
     430.000    -461.1026729   3139.5156903   1924.1097235    888.8890740
     440.000    -492.7199681   3183.7854480   1927.1678619    908.1456291
     450.000    -524.7752875   3227.1268402   1930.0337537    927.4317906
     460.000    -557.2595331   3269.5766274   1932.7230079    946.7457155
     470.000    -590.1639639   3311.1695169   1935.2496975    966.0857090
     480.000    -623.4801766   3351.9383057   1937.6265358    985.4502101
     490.000    -657.2000866   3391.9140109   1939.8650292   1004.8377787
     500.000    -691.3159113   3431.1259913   1941.9756108   1024.2470844
     510.000    -725.8201536   3469.6020584   1943.9677574   1043.6768962
     520.000    -760.7055874   3507.3685789   1945.8500916   1063.1260736
     530.000    -795.9652435   3544.4505695   1947.6304721   1082.5935583
     540.000    -831.5923964   3580.8717843   1949.3160724   1102.0783672
     550.000    -867.5805520   3616.6547959   1950.9134512   1121.5795857
     560.000    -903.9234366   3651.8210693   1952.4286136   1141.0963622
     570.000    -940.6149858   3686.3910318   1953.8670660   1160.6279024
     580.000    -977.6493345   3720.3841366   1955.2338648   1180.1734647
     590.000   -1015.0208075   3753.8189218   1956.5336593   1199.7323563
     600.000   -1052.7239109   3786.7130662   1957.7707302   1219.3039289
     610.000   -1090.7533230   3819.0834395   1958.9490239   1238.8875751
     620.000   -1129.1038875   3850.9461502   1960.0721832   1258.4827256
     630.000   -1167.7706052   3882.3165895   1961.1435747   1278.0888462
     640.000   -1206.7486275   3913.2094726   1962.1663133   1297.7054349
     650.000   -1246.0332498   3943.6388765   1963.1432844   1317.3320199
     660.000   -1285.6199051   3973.6182759   1964.0771640   1336.9681570
     670.000   -1325.5041584   4003.1605765   1964.9704361   1356.6134279
     680.000   -1365.6817009   4032.2781456   1965.8254094   1376.2674381
     690.000   -1406.1483451   4060.9828416   1966.6442316   1395.9298156
     700.000   -1446.9000195   4089.2860406   1967.4289026   1415.6002089
     710.000   -1487.9327640   4117.1986620   1968.1812865   1435.2782860
     720.000   -1529.2427258   4144.7311925   1968.9031227   1454.9637328
     730.000   -1570.8261546   4171.8937077   1969.5960354   1474.6562521
     740.000   -1612.6793989   4198.6958934   1970.2615427   1494.3555622
     750.000   -1654.7989024   4225.1470650   1970.9010651   1514.0613963
     760.000   -1697.1812001   4251.2561860   1971.5159323   1533.7735013
     770.000   -1739.8229148   4277.0318853   1972.1073905   1553.4916369
     780.000   -1782.7207541   4302.4824732   1972.6766084   1573.2155750
     790.000   -1825.8715072   4327.6159568   1973.2246831   1592.9450986
     800.000   -1869.2720420   4352.4400545   1973.7526449   1612.6800016
     810.000   -1912.9193019   4376.9622094   1974.2614625   1632.4200877
     820.000   -1956.8103037   4401.1896021   1974.7520472   1652.1651701
     830.000   -2000.9421345   4425.1291630   1975.2252567   1671.9150708
     840.000   -2045.3119498   4448.7875831   1975.6818992   1691.6696200
     850.000   -2089.9169706   4472.1713255   1976.1227366   1711.4286561
     860.000   -2134.7544816   4495.2866349   1976.5484876   1731.1920245
     870.000   -2179.8218287   4518.1395477   1976.9598306   1750.9595778
     880.000   -2225.1164173   4540.7359006   1977.3574065   1770.7311752
     890.000   -2270.6357103   4563.0813398   1977.7418210   1790.5066820
     900.000   -2316.3772260   4585.1813285   1978.1136470   1810.2859696
     910.000   -2362.3385364   4607.0411552   1978.4734265   1830.0689148
     920.000   -2408.5172656   4628.6659406   1978.8216729   1849.8553997
     930.000   -2454.9110883   4650.0606449   1979.1588727   1869.6453115
     940.000   -2501.5177276   4671.2300740   1979.4854867   1889.4385419
     950.000   -2548.3349544   4692.1788861   1979.8019525   1909.2349874
     960.000   -2595.3605850   4712.9115974   1980.1086849   1929.0345485
     970.000   -2642.5924806   4733.4325882   1980.4060780   1948.8371300
     980.000   -2690.0285452   4753.7461076   1980.6945063   1968.6426402
     990.000   -2737.6667249   4773.8562791   1980.9743256   1988.4509914
    1000.000   -2785.5050064   4793.7671055   1981.2458742   2008.2620991
    1010.000   -2833.5414155   4813.4824732   1981.5094743   2028.0758824
    1020.000   -2881.7740169   4833.0061569   1981.7654323   2047.8922632
    1030.000   -2930.2009120   4852.3418238   1982.0140400   2067.7111665
    1040.000   -2978.8202385   4871.4930374   1982.2555758   2087.5325204
    1050.000   -3027.6301694   4890.4632617   1982.4903045   2107.3562553
    1060.000   -3076.6289117   4909.2558645   1982.7184792   2127.1823046
    1070.000   -3125.8147056   4927.8741210   1982.9403411   2147.0106039
    1080.000   -3175.1858236   4946.3212174   1983.1561203   2166.8410912
    1090.000   -3224.7405697   4964.6002537   1983.3660368   2186.6737068
    1100.000   -3274.4772785   4982.7142469   1983.5703007   2206.5083931
    1110.000   -3324.3943143   5000.6661342   1983.7691127   2226.3450946
    1120.000   -3374.4900704   5018.4587752   1983.9626648   2246.1837578
    1130.000   -3424.7629683   5036.0949551   1984.1511404   2266.0243310
    1140.000   -3475.2114570   5053.5773871   1984.3347153   2285.8667643
    1150.000   -3525.8340124   5070.9087147   1984.5135576   2305.7110095
    1160.000   -3576.6291362   5088.0915141   1984.6878283   2325.5570202
    1170.000   -3627.5953559   5105.1282968   1984.8576816   2345.4047513
    1180.000   -3678.7312236   5122.0215112   1985.0232653   2365.2541596
    1190.000   -3730.0353156   5138.7735449   1985.1847211   2385.1052029
    1200.000   -3781.5062317   5155.3867270   1985.3421848   2404.9578407
    1210.000   -3833.1425948   5171.8633294   1985.4957867   2424.8120337
    1220.000   -3884.9430504   5188.2055692   1985.6456519   2444.6677440
    1230.000   -3936.9062656   5204.4156100   1985.7919005   2464.5249347
    1240.000   -3989.0309290   5220.4955639   1985.9346476   2484.3835703
    1250.000   -4041.3157501   5236.4474932   1986.0740039   2504.2436164
    1260.000   -4093.7594588   5252.2734113   1986.2100760   2524.1050394
    1270.000   -4146.3608049   5267.9752851   1986.3429660   2543.9678073
    1280.000   -4199.1185574   5283.5550359   1986.4727722   2563.8318885
    1290.000   -4252.0315048   5299.0145407   1986.5995891   2583.6972527
    1300.000   -4305.0984535   5314.3556340   1986.7235078   2603.5638706
    1310.000   -4358.3182287   5329.5801086   1986.8446157   2623.4317135
    1320.000   -4411.6896728   5344.6897172   1986.9629972   2643.3007538
    1330.000   -4465.2116459   5359.6861733   1987.0787332   2663.1709647
    1340.000   -4518.8830247   5374.5711527   1987.1919019   2683.0423199
    1350.000   -4572.7027028   5389.3462942   1987.3025787   2702.9147944
    1360.000   -4626.6695898   5404.0132009   1987.4108360   2722.7883635
    1370.000   -4680.7826113   5418.5734413   1987.5167438   2742.6630033
    1380.000   -4735.0407082   5433.0285500   1987.6203695   2762.5386907
    1390.000   -4789.4428369   5447.3800289   1987.7217780   2782.4154033
    1400.000   -4843.9879683   5461.6293481   1987.8210322   2802.2931191
    1410.000   -4898.6750881   5475.7779468   1987.9181925   2822.1718169
    1420.000   -4953.5031962   5489.8272340   1988.0133174   2842.0514762
    1430.000   -5008.4713063   5503.7785895   1988.1064632   2861.9320767
    1440.000   -5063.5784460   5517.6333646   1988.1976845   2881.8135990
    1450.000   -5118.8236561   5531.3928829   1988.2870337   2901.6960241
    1460.000   -5174.2059905   5545.0584412   1988.3745617   2921.5793336
    1470.000   -5229.7245160   5558.6313098   1988.4603177   2941.4635095
    1480.000   -5285.3783119   5572.1127339   1988.5443491   2961.3485342
    1490.000   -5341.1664699   5585.5039334   1988.6267017   2981.2343909
    1500.000   -5397.0880938   5598.8061044   1988.7074199   3001.1210628
    1510.000   -5453.1422991   5612.0204193   1988.7865467   3021.0085340
    1520.000   -5509.3282131   5625.1480275   1988.8641236   3040.8967886
    1530.000   -5565.6449744   5638.1900561   1988.9401908   3060.7858114
    1540.000   -5622.0917327   5651.1476105   1989.0147870   3080.6755875
    1550.000   -5678.6676487   5664.0217749   1989.0879501   3100.5661024
    1560.000   -5735.3718938   5676.8136126   1989.1597163   3120.4573418
    1570.000   -5792.2036500   5689.5241670   1989.2301211   3140.3492921
    1580.000   -5849.1621096   5702.1544617   1989.2991986   3160.2419398
    1590.000   -5906.2464750   5714.7055011   1989.3669819   3180.1352718
    1600.000   -5963.4559587   5727.1782712   1989.4335031   3200.0292753
    1610.000   -6020.7897828   5739.5737395   1989.4987934   3219.9239378
    1620.000   -6078.2471790   5751.8928556   1989.5628828   3239.8192471
    1630.000   -6135.8273885   5764.1365522   1989.6258007   3259.7151915
    1640.000   -6193.5296617   5776.3057445   1989.6875754   3279.6117593
    1650.000   -6251.3532580   5788.4013317   1989.7482343   3299.5089393
    1660.000   -6309.2974459   5800.4241966   1989.8078043   3319.4067204
    1670.000   -6367.3615024   5812.3752062   1989.8663111   3339.3050918
    1680.000   -6425.5447134   5824.2552122   1989.9237798   3359.2040432
    1690.000   -6483.8463728   5836.0650514   1989.9802350   3379.1035641
    1700.000   -6542.2657832   5847.8055458   1990.0357002   3399.0036446
    1710.000   -6600.8022553   5859.4775030   1990.0901985   3418.9042748
    1720.000   -6659.4551075   5871.0817168   1990.1437522   3438.8054454
    1730.000   -6718.2236664   5882.6189672   1990.1963829   3458.7071468
    1740.000   -6777.1072662   5894.0900208   1990.2481117   3478.6093700
    1750.000   -6836.1052487   5905.4956313   1990.2989592   3498.5121061
    1760.000   -6895.2169631   5916.8365395   1990.3489451   3518.4153463
    1770.000   -6954.4417662   5928.1134737   1990.3980889   3538.3190822
    1780.000   -7013.7790217   5939.3271501   1990.4464094   3558.2233054
    1790.000   -7073.2281007   5950.4782729   1990.4939247   3578.1280077
    1800.000   -7132.7883810   5961.5675346   1990.5406528   3598.0331812
    1810.000   -7192.4592475   5972.5956164   1990.5866108   3617.9388182
    1820.000   -7252.2400916   5983.5631882   1990.6318156   3637.8449110
    1830.000   -7312.1303117   5994.4709092   1990.6762835   3657.7514521
    1840.000   -7372.1293125   6005.3194276   1990.7200305   3677.6584342
    1850.000   -7432.2365051   6016.1093813   1990.7630720   3697.5658503
    1860.000   -7492.4513070   6026.8413980   1990.8054232   3717.4736934
    1870.000   -7552.7731420   6037.5160954   1990.8470987   3737.3819565
    1880.000   -7613.2014398   6048.1340814   1990.8881127   3757.2906331
    1890.000   -7673.7356365   6058.6959541   1990.9284793   3777.1997166
    1900.000   -7734.3751738   6069.2023023   1990.9682119   3797.1092006
    1910.000   -7795.1194994   6079.6537059   1991.0073238   3817.0190788
    1920.000   -7855.9680667   6090.0507353   1991.0458278   3836.9293451
    1930.000   -7916.9203348   6100.3939524   1991.0837364   3856.8399934
    1940.000   -7977.9757682   6110.6839103   1991.1210618   3876.7510178
    1950.000   -8039.1338373   6120.9211538   1991.1578159   3896.6624127
    1960.000   -8100.3940174   6131.1062192   1991.1940104   3916.5741723
    1970.000   -8161.7557895   6141.2396348   1991.2296565   3936.4862911
    1980.000   -8223.2186397   6151.3219208   1991.2647652   3956.3987636
    1990.000   -8284.7820592   6161.3535898   1991.2993473   3976.3115846
    2000.000   -8346.4455444   6171.3351466   1991.3334132   3996.2247489