       0.000      28.6217619      0.0000000      0.0000000     28.6217619
      10.000      28.6200807      0.5521756      1.3288541     28.6256025
      20.000      28.6026267      3.6260501     10.8974370     28.6751477
      30.000      28.5284319     12.3306014     36.2652722     28.8983500
      40.000      28.3341066     27.5177101     71.8685294     29.4348150
      50.000      27.9619816     47.5252179    108.4050635     30.3382425
      60.000      27.3746623     70.2348399    140.8164655     31.5887527
      70.000      26.5537235     94.0333622    167.7263861     33.1360588
      80.000      25.4938097    117.9019600    189.4569029     34.9259665
      90.000      24.1974188    141.2592396    206.8533269     36.9107504
     100.000      22.6713590    163.8016654    220.7927982     39.0515255
     110.000      20.9245721    185.3911840    232.0258076     41.3176023
     120.000      18.9668609    205.9847135    241.1497165     43.6850265
     130.000      16.8081686    225.5919100    248.6260724     46.1351169
     140.000      14.4581865    244.2503917    254.8076811     48.6532413
     150.000      11.9261529    262.0113764    259.9638847     51.2278594
     160.000       9.2207621    278.9314505    264.3010643     53.8497941
     170.000       6.3501357    295.0679369    267.9783538     56.5116849
     180.000       3.3218298    310.4763714    271.1193918     59.2075767
     190.000       0.1428598    325.2092134    273.8210281     61.9326104
     200.000      -3.1802656    339.3152744    276.1597632     64.6827893
     210.000      -6.6415068    352.8395581    278.1965251     67.4548004
     220.000     -10.2352555    365.8233306    279.9802301     70.2458773
     230.000     -13.9562979    378.3043131    281.5504553     73.0536942
     240.000     -17.7997809    390.3169325    282.9394583     75.8762829
     250.000     -21.7611803    401.8925932    284.1737165     78.7119680
     260.000     -25.8362720    413.0599491    285.2751076     81.5593148
     270.000     -30.0211057    423.8451628    286.2618229     84.4170883
     280.000     -34.3119814    434.2721477    287.1490791     87.2842200
     290.000     -38.7054277    444.3627893    287.9496767     90.1597812
     300.000     -43.1981831    454.1371466    288.6744412     93.0429609
     310.000     -47.7871779    463.6136322    289.3325744     95.9330481
     320.000     -52.4695194    472.8091750    289.9319351     98.8294166
     330.000     -57.2424770    481.7393651    290.4792662    101.7315134
     340.000     -62.1034702    490.4185829    290.9803774    104.6388480
     350.000     -67.0500565    498.8601150    291.4402956    107.5509837
     360.000     -72.0799213    507.0762570    291.8633867    110.4675312
     370.000     -77.1908684    515.0784051    292.2534566    113.3881415
     380.000     -82.3808115    522.8771391    292.6138350    116.3125014
     390.000     -87.6477660    530.4822949    292.9474445    119.2403290
     400.000     -92.9898427    537.9030309    293.2568587    122.1713697
     410.000     -98.4052404    545.1478867    293.5443507    125.1053931
     420.000    -103.8922408    552.2248360    293.8119340    128.0421903
     430.000    -109.4492024    559.1413344    294.0613972    130.9815714
     440.000    -115.0745560    565.9043617    294.2943334    133.9233632
     450.000    -120.7667999    572.5204614    294.5121650    136.8674077
     460.000    -126.5244959    578.9957747    294.7161652    139.8135604
     470.000    -132.3462654    585.3360726    294.9074765    142.7616888
     480.000    -138.2307855    591.5467845    295.0871261    145.7116711
     490.000    -144.1767862    597.6330239    295.2560397    148.6633955
     500.000    -150.1830471    603.5996121    295.4150532    151.6167589
     510.000    -156.2483948    609.4510998    295.5649230    154.5716661
     520.000    -162.3716998    615.1917865    295.7063350    157.5280292
     530.000    -168.5518748    620.8257386    295.8399118    160.4857667
     540.000    -174.7878717    626.3568053    295.9662203    163.4448032
     550.000    -181.0786801    631.7886340    296.0857768    166.4050686
     560.000    -187.4233251    637.1246837    296.1990531    169.3664978
     570.000    -193.8208655    642.3682379    296.3064802    172.3290302
     580.000    -200.2703920    647.5224158    296.4084531    175.2926092
     590.000    -206.7710258    652.5901831    296.5053340    178.2571823
     600.000    -213.3219170    657.5743617    296.5974555    181.2227000
     610.000    -219.9222433    662.4776391    296.6851238    184.1891165
     620.000    -226.5712087    667.3025763    296.7686207    187.1563886
     630.000    -233.2680419    672.0516155    296.8482062    190.1244759
     640.000    -240.0119958    676.7270879    296.9241203    193.0933405
     650.000    -246.8023459    681.3312195    296.9965850    196.0629468
     660.000    -253.6383895    685.8661376    297.0658057    199.0332614
     670.000    -260.5194447    690.3338768    297.1319730    202.0042527
     680.000    -267.4448496    694.7363836    297.1952633    204.9758913
     690.000    -274.4139611    699.0755219    297.2558410    207.9481490
     700.000    -281.4261547    703.3530775    297.3138585    210.9209995
     710.000    -288.4808231    707.5707623    297.3694579    213.8944181
     720.000    -295.5773759    711.7302180    297.4227715    216.8683811
     730.000    -302.7152387    715.8330205    297.4739227    219.8428663
     740.000    -309.8938525    719.8806827    297.5230268    222.8178527
     750.000    -317.1126734    723.8746583    297.5701913    225.7933204
     760.000    -324.3711714    727.8163445    297.6155169    228.7692504
     770.000    -331.6688304    731.7070849    297.6590979    231.7456249
     780.000    -339.0051476    735.5481723    297.7010226    234.7224268
     790.000    -346.3796325    739.3408514    297.7413737    237.6996401
     800.000    -353.7918072    743.0863207    297.7802289    240.6772493
     810.000    -361.2412054    746.7857350    297.8176612    243.6552399
     820.000    -368.7273721    750.4402075    297.8537390    246.6335980
     830.000    -376.2498634    754.0508118    297.8885270    249.6123104
     840.000    -383.8082456    757.6185834    297.9220858    252.5913645
     850.000    -391.4020956    761.1445221    297.9544725    255.5707482
     860.000    -399.0309998    764.6295931    297.9857410    258.5504502
     870.000    -406.6945543    768.0747285    298.0159423    261.5304595
     880.000    -414.3923643    771.4808295    298.0451242    264.5107657
     890.000    -422.1240437    774.8487668    298.0733320    267.4913587
     900.000    -429.8892152    778.1793827    298.1006087    270.4722292
     910.000    -437.6875097    781.4734919    298.1269947    273.4533679
     920.000    -445.5185660    784.7318829    298.1525283    276.4347662
     930.000    -453.3820308    787.9553189    298.1772458    279.4164158
     940.000    -461.2775583    791.1445392    298.2011816    282.3983086
     950.000    -469.2048099    794.3002599    298.2243683    285.3804369
     960.000    -477.1634542    797.4231747    298.2468367    288.3627935
     970.000    -485.1531663    800.5139564    298.2686163    291.3453714
     980.000    -493.1736284    803.5732572    298.2897349    294.3281637
     990.000    -501.2245286    806.6017097    298.3102189    297.3111639
    1000.000    -509.3055618    809.5999278    298.3300935    300.2943660
    1010.000    -517.4164284    812.5685072    298.3493826    303.2777639
    1020.000    -525.5568351    815.5080263    298.3681089    306.2613518
    1030.000    -533.7264939    818.4190468    298.3862942    309.2451242
    1040.000    -541.9251228    821.3021142    298.4039590    312.2290759
    1050.000    -550.1524448    824.1577586    298.4211231    315.2132017
    1060.000    -558.4081883    826.9864954    298.4378051    318.1974968
    1070.000    -566.6920867    829.7888252    298.4540229    321.1819563
    1080.000    -575.0038784    832.5652353    298.4697935    324.1665757
    1090.000    -583.3433066    835.3161994    298.4851333    327.1513507
    1100.000    -591.7101191    838.0421783    298.5000578    330.1362770
    1110.000    -600.1040684    840.7436207    298.5145819    333.1213506
    1120.000    -608.5249112    843.4209630    298.5287196    336.1065674
    1130.000    -616.9724087    846.0746305    298.5424847    339.0919237
    1140.000    -625.4463263    848.7050370    298.5558900    342.0774159
    1150.000    -633.9464333    851.3125857    298.5689480    345.0630403
    1160.000    -642.4725031    853.8976697    298.5816706    348.0487937
    1170.000    -651.0243131    856.4606716    298.5940692    351.0346727
    1180.000    -659.6016442    859.0019646    298.6061546    354.0206741
    1190.000    -668.2042812    861.5219126    298.6179374    357.0067948
    1200.000    -676.8320125    864.0208702    298.6294275    359.9930318
    1210.000    -685.4846298    866.4991836    298.6406345    362.9793824
    1220.000    -694.1619284    868.9571902    298.6515677    365.9658436
    1230.000    -702.8637070    871.3952194    298.6622359    368.9524128
    1240.000    -711.5897673    873.8135926    298.6726475    371.9390875
    1250.000    -720.3399144    876.2126235    298.6828109    374.9258650
    1260.000    -729.1139563    878.5926184    298.6927337    377.9127429
    1270.000    -737.9117043    880.9538765    298.7024235    380.8997189
    1280.000    -746.7329724    883.2966898    298.7118876    383.8867906
    1290.000    -755.5775776    885.6213438    298.7211328    386.8739559
    1300.000    -764.4453396    887.9281171    298.7301660    389.8612126
    1310.000    -773.3360812    890.2172822    298.7389934    392.8485585
    1320.000    -782.2496275    892.4891055    298.7476214    395.8359918
    1330.000    -791.1858064    894.7438471    298.7560559    398.8235103
    1340.000    -800.1444483    896.9817616    298.7643026    401.8111122
    1350.000    -809.1253863    899.2030978    298.7723670    404.7987957
    1360.000    -818.1284558    901.4080991    298.7802545    407.7865590
    1370.000    -827.1534947    903.5970036    298.7879703    410.7744003
    1380.000    -836.2003430    905.7700441    298.7955192    413.7623178
    1390.000    -845.2688434    907.9274486    298.8029060    416.7503101
    1400.000    -854.3588406    910.0694401    298.8101354    419.7383754
    1410.000    -863.4701816    912.1962368    298.8172117    422.7265123
    1420.000    -872.6027154    914.3080525    298.8241394    425.7147192
    1430.000    -881.7562934    916.4050965    298.8309224    428.7029946
    1440.000    -890.9307688    918.4875736    298.8375649    431.6913372
    1450.000    -900.1259970    920.5556844    298.8440706    434.6797454
    1460.000    -909.3418353    922.6096256    298.8504433    437.6682181
    1470.000    -918.5781429    924.6495897    298.8566866    440.6567539
    1480.000    -927.8347811    926.6757652    298.8628039    443.6453514
    1490.000    -937.1116129    928.6883372    298.8687987    446.6340096
    1500.000    -946.4085031    930.6874867    298.8746741    449.6227270
    1510.000    -955.7253185    932.6733915    298.8804334    452.6115026
    1520.000    -965.0619274    934.6462254    298.8860796    455.6003353
    1530.000    -974.4182000    936.6061594    298.8916155    458.5892239
    1540.000    -983.7940081    938.5533606    298.8970442    461.5781673
    1550.000    -993.1892253    940.4879933    298.9023682    464.5671644
    1560.000   -1002.6037266    942.4102185    298.9075903    467.5562143
    1570.000   -1012.0373888    944.3201941    298.9127131    470.5453159
    1580.000   -1021.4900902    946.2180749    298.9177390    473.5344682
    1590.000   -1030.9617105    948.1040131    298.9226706    476.5236703
    1600.000   -1040.4521311    949.9781578    298.9275101    479.5129213
    1610.000   -1049.9612348    951.8406553    298.9322598    482.5022203
    1620.000   -1059.4889059    953.6916495    298.9369219    485.4915662
    1630.000   -1069.0350300    955.5312812    298.9414986    488.4809584
    1640.000   -1078.5994941    957.3596890    298.9459919    491.4703959
    1650.000   -1088.1821868    959.1770089    298.9504039    494.4598780
    1660.000   -1097.7829978    960.9833744    298.9547365    497.4494037
    1670.000   -1107.4018182    962.7789165    298.9589915    500.4389724
    1680.000   -1117.0385405    964.5637641    298.9631709    503.4285833
    1690.000   -1126.6930582    966.3380437    298.9672765    506.4182356
    1700.000   -1136.3652665    968.1018795    298.9713098    509.4079286
    1710.000   -1146.0550614    969.8553936    298.9752727    512.3976616
    1720.000   -1155.7623404    971.5987059    298.9791668    515.3874338
    1730.000   -1165.4870019    973.3319345    298.9829936    518.3772447
    1740.000   -1175.2289458    975.0551950    298.9867546    521.3670935
    1750.000   -1184.9880730    976.7686015    298.9904515    524.3569796
    1760.000   -1194.7642854    978.4722657    298.9940856    527.3469023
    1770.000   -1204.5574862    980.1662979    298.9976583    530.3368611
    1780.000   -1214.3675796    981.8508061    299.0011711    533.3268553
    1790.000   -1224.1944709    983.5258968    299.0046252    536.3168843
    1800.000   -1234.0380665    985.1916745    299.0080219    539.3069476
    1810.000   -1243.8982737    986.8482421    299.0113626    542.2970446
    1820.000   -1253.7750010    988.4957009    299.0146484    545.2871747
    1830.000   -1263.6681577    990.1341503    299.0178805    548.2773373
    1840.000   -1273.5776543    991.7636882    299.0210602    551.2675321
    1850.000   -1283.5034021    993.3844111    299.0241884    554.2577584
    1860.000   -1293.4453134    994.9964135    299.0272664    557.2480157
    1870.000   -1303.4033016    996.5997888    299.0302952    560.2383035
    1880.000   -1313.3772808    998.1946288    299.0332759    563.2286214
    1890.000   -1323.3671660    999.7810238    299.0362094    566.2189689
    1900.000   -1333.3728734   1001.3590626    299.0390967    569.2093455
    1910.000   -1343.3943197   1002.9288327    299.0419388    572.1997507
    1920.000   -1353.4314228   1004.4904202    299.0447367    575.1901841
    1930.000   -1363.4841011   1006.0439101    299.0474913    578.1806453
    1940.000   -1373.5522742   1007.5893856    299.0502034    581.1711338
    1950.000   -1383.6358624   1009.1269290    299.0528739    584.1616492
    1960.000   -1393.7347867   1010.6566213    299.0555037    587.1521911
    1970.000   -1403.8489689   1012.1785422    299.0580936    590.1427591
    1980.000   -1413.9783319   1013.6927701    299.0606443    593.1333529
    1990.000   -1424.1227989   1015.1993823    299.0631568    596.1239719
    2000.000   -1434.2822944   1016.6984551    299.0656317    599.1146159