       0.000      55.6339020      0.0000000      0.0000000     55.6339020
      10.000      55.6245871      3.0168888      6.4931001     55.6547560
      20.000      55.5537881     11.8414580     21.4887705     55.7906173
      30.000      55.3765475     24.0882029     40.9235887     56.0991936
      40.000      55.0634005     38.9178693     63.5865316     56.6201152
      50.000      54.5919765     55.6076910     86.7110437     57.3723611
      60.000      53.9477850     73.3414048    108.0634951     58.3482693
      70.000      53.1239668     91.4370885    126.7229554     59.5245630
      80.000      52.1194217    109.4253324    142.6092448     60.8734483
      90.000      50.9367926    127.0180274    155.9983181     62.3684151
     100.000      49.5809255    144.0540843    167.2624991     63.9863339
     110.000      48.0578365    160.4541039    176.7618262     65.7077879
     120.000      46.3740640    176.1889136    184.8082871     67.5167336
     130.000      44.5362750    191.2592491    191.6602352     69.3999774
     140.000      42.5510351    205.6830405    197.5275834     71.3466608
     150.000      40.4246789    219.4875775    202.5797760     73.3478155
     160.000      38.1632417    232.7047256    206.9535541     75.3959978
     170.000      35.7724305    245.3680347    210.7595884     77.4849964
     180.000      33.2576153    257.5110195    214.0878528     79.6095988
     190.000      30.6238360    269.1661651    217.0118769     81.7654074
     200.000      27.8758149    280.3643828    219.5920810     83.9486915
     210.000      25.0179743    291.1347426    221.8783865     86.1562703
     220.000      22.0544556    301.5043770    223.9122625     88.3854185
     230.000      18.9891383    311.4984861    225.7283365     90.6337902
     240.000      15.8256597    321.1404040    227.3556685     92.8993566
     250.000      12.5674322    330.4516973    228.8187635     95.1803565
     260.000       9.2176612    339.4522798    230.1383805     97.4752540
     270.000       5.7793608    348.1605339    231.3321832     99.7827050
     280.000       2.2553683    356.5934305    232.4152642    102.1015288
     290.000      -1.3516423    364.7666443    233.4005722    104.4306846
     300.000      -5.0391474    372.6946637    234.2992590    106.7692517
     310.000      -8.8047630    380.3908914    235.1209645    109.1164133
     320.000     -12.6462341    387.8677389    235.8740516    111.4714424
     330.000     -16.5614250    395.1367120    236.5657997    113.8336900
     340.000     -20.5483111    402.2084890    237.2025660    116.2025752
     350.000     -24.6049706    409.0929921    237.7899200    118.5775766
     360.000     -28.7295775    415.7994521    238.3327553    120.9582252
     370.000     -32.9203949    422.3364667    238.8353845    123.3440978
     380.000     -37.1757688    428.7120539    239.3016186    125.7348117
     390.000     -41.4941229    434.9337000    239.7348343    128.1300201
     400.000     -45.8739531    441.0084034    240.1380315    130.5294083
     410.000     -50.3138230    446.9427138    240.5138814    132.9326896
     420.000     -54.8123599    452.7427682    240.8647690    135.3396028
     430.000     -59.3682501    458.4143234    241.1928280    137.7499089
     440.000     -63.9802360    463.9627856    241.4999716    140.1633896
     450.000     -68.6471125    469.3932375    241.7879193    142.5798444
     460.000     -73.3677234    474.7104622    242.0582194    144.9990892
     470.000     -78.1409593    479.9189659    242.3122690    147.4209546
     480.000     -82.9657545    485.0229982    242.5513311    149.8452846
     490.000     -87.8410845    490.0265706    242.7765496    152.2719351
     500.000     -92.7659637    494.9334734    242.9889622    154.7007730
     510.000     -97.7394437    499.7472912    243.1895125    157.1316749
     520.000    -102.7606106    504.4714176    243.3790593    159.5645265
     530.000    -107.8285838    509.1090675    243.5583857    161.9992220
     540.000    -112.9425139    513.6632897    243.7282072    164.4356626
     550.000    -118.1015811    518.1369778    243.8891782    166.8737566
     560.000    -123.3049941    522.5328800    244.0418980    169.3134186
     570.000    -128.5519882    526.8536089    244.1869167    171.7545689
     580.000    -133.8418240    531.1016501    244.3247396    174.1971330
     590.000    -139.1737868    535.2793696    244.4558314    176.6410413
     600.000    -144.5471846    539.3890220    244.5806202    179.0862286
     610.000    -149.9613475    543.4327566    244.6995009    181.5326340
     620.000    -155.4156268    547.4126242    244.8128382    183.9802002
     630.000    -160.9093936    551.3305826    244.9209691    186.4288734
     640.000    -166.4420383    555.1885025    245.0242057    188.8786032
     650.000    -172.0129695    558.9881719    245.1228372    191.3293422
     660.000    -177.6216133    562.7313013    245.2171317    193.7810455
     670.000    -183.2674126    566.4195280    245.3073383    196.2336712
     680.000    -188.9498261    570.0544199    245.3936887    198.6871794
     690.000    -194.6683282    573.6374797    245.4763983    201.1415328
     700.000    -200.4224077    577.1701481    245.5556679    203.5966959
     710.000    -206.2115678    580.6538072    245.6316846    206.0526353
     720.000    -212.0353249    584.0897838    245.7046230    208.5093194
     730.000    -217.8932088    587.4793519    245.7746464    210.9667181
     740.000    -223.7847614    590.8237358    245.8419072    213.4248031
     750.000    -229.7095368    594.1241124    245.9065483    215.8835475
     760.000    -235.6671007    597.3816138    245.9687032    218.3429258
     770.000    -241.6570298    600.5973292    246.0284973    220.8029137
     780.000    -247.6789115    603.7723074    246.0860482    223.2634882
     790.000    -253.7323435    606.9075583    246.1414661    225.7246275
     800.000    -259.8169335    610.0040554    246.1948547    228.1863108
     810.000    -265.9322986    613.0627368    246.2463116    230.6485182
     820.000    -272.0780652    616.0845074    246.2959283    233.1112309
     830.000    -278.2538686    619.0702404    246.3437914    235.5744309
     840.000    -284.4593527    622.0207784    246.3899821    238.0381011
     850.000    -290.6941696    624.9369351    246.4345772    240.5022252
     860.000    -296.9579794    627.8194965    246.4776490    242.9667876
     870.000    -303.2504501    630.6692223    246.5192660    245.4317734
     880.000    -309.5712569    633.4868468    246.5594926    247.8971683
     890.000    -315.9200824    636.2730800    246.5983899    250.3629588
     900.000    -322.2966161    639.0286089    246.6360157    252.8291319
     910.000    -328.7005544    641.7540983    246.6724245    255.2956751
     920.000    -335.1316001    644.4501919    246.7076682    257.7625765
     930.000    -341.5894623    647.1175129    246.7417957    260.2298247
     940.000    -348.0738565    649.7566652    246.7748537    262.6974088
     950.000    -354.5845037    652.3682337    246.8068860    265.1653184
     960.000    -361.1211311    654.9527858    246.8379347    267.6335433
     970.000    -367.6834712    657.5108712    246.8680395    270.1020739
     980.000    -374.2712621    660.0430236    246.8972381    272.5709010
     990.000    -380.8842470    662.5497603    246.9255665    275.0400158
    1000.000    -387.5221742    665.0315838    246.9530587    277.5094096
    1010.000    -394.1847972    667.4889817    246.9797474    279.9790743
    1020.000    -400.8718740    669.9224274    247.0056633    282.4490019
    1030.000    -407.5831675    672.3323811    247.0308361    284.9191850
    1040.000    -414.3184448    674.7192895    247.0552937    287.3896163
    1050.000    -421.0774779    677.0835871    247.0790630    289.8602886
    1060.000    -427.8600426    679.4256962    247.1021694    292.3311953
    1070.000    -434.6659192    681.7460272    247.1246374    294.8023299
    1080.000    -441.4948919    684.0449796    247.1464901    297.2736860
    1090.000    -448.3467488    686.3229418    247.1677498    299.7452577
    1100.000    -455.2212820    688.5802919    247.1884377    302.2170391
    1110.000    -462.1182872    690.8173980    247.2085741    304.6890246
    1120.000    -469.0375637    693.0346183    247.2281784    307.1612088
    1130.000    -475.9789144    695.2323017    247.2472690    309.6335865
    1140.000    -482.9421457    697.4107880    247.2658638    312.1061526
    1150.000    -489.9270673    699.5704082    247.2839798    314.5789022
    1160.000    -496.9334921    701.7114851    247.3016332    317.0518306
    1170.000    -503.9612363    703.8343330    247.3188395    319.5249333
    1180.000    -511.0101190    705.9392585    247.3356138    321.9982060
    1190.000    -518.0799627    708.0265604    247.3519704    324.4716442
    1200.000    -525.1705925    710.0965304    247.3679229    326.9452440
    1210.000    -532.2818365    712.1494528    247.3834846    329.4190014
    1220.000    -539.4135256    714.1856050    247.3986681    331.8929125
    1230.000    -546.5654936    716.2052578    247.4134855    334.3669735
    1240.000    -553.7375766    718.2086755    247.4279485    336.8411810
    1250.000    -560.9296138    720.1961161    247.4420683    339.3155313
    1260.000    -568.1414466    722.1678316    247.4558556    341.7900212
    1270.000    -575.3729189    724.1240679    247.4693208    344.2646474
    1280.000    -582.6238771    726.0650654    247.4824737    346.7394066
    1290.000    -589.8941701    727.9910589    247.4953241    349.2142958
    1300.000    -597.1836490    729.9022778    247.5078810    351.6893121
    1310.000    -604.4921672    731.7989464    247.5201534    354.1644525
    1320.000    -611.8195802    733.6812837    247.5321497    356.6397143
    1330.000    -619.1657458    735.5495041    247.5438781    359.1150946
    1340.000    -626.5305239    737.4038171    247.5553466    361.5905910
    1350.000    -633.9137765    739.2444276    247.5665627    364.0662007
    1360.000    -641.3153675    741.0715359    247.5775339    366.5419214
    1370.000    -648.7351629    742.8853383    247.5882671    369.0177506
    1380.000    -656.1730305    744.6860264    247.5987693    371.4936860
    1390.000    -663.6288403    746.4737882    247.6090469    373.9697252
    1400.000    -671.1024638    748.2488071    247.6191063    376.4458662
    1410.000    -678.5937746    750.0112633    247.6289536    378.9221067
    1420.000    -686.1026478    751.7613326    247.6385949    381.3984446
    1430.000    -693.6289605    753.4991877    247.6480356    383.8748779
    1440.000    -701.1725914    755.2249972    247.6572815    386.3514046
    1450.000    -708.7334208    756.9389267    247.6663377    388.8280229
    1460.000    -716.3113309    758.6411381    247.6752095    391.3047308
    1470.000    -723.9062051    760.3317902    247.6839018    393.7815265
    1480.000    -731.5179287    762.0110384    247.6924194    396.2584082
    1490.000    -739.1463883    763.6790353    247.7007669    398.7353743
    1500.000    -746.7914724    765.3359302    247.7089489    401.2124230
    1510.000    -754.4530704    766.9818696    247.7169697    403.6895527
    1520.000    -762.1310737    768.6169971    247.7248334    406.1667619
    1530.000    -769.8253748    770.2414534    247.7325442    408.6440489
    1540.000    -777.5358677    771.8553766    247.7401061    411.1214123
    1550.000    -785.2624477    773.4589021    247.7475227    413.5988505
    1560.000    -793.0050115    775.0521627    247.7547978    416.0763622
    1570.000    -800.7634571    776.6352886    247.7619349    418.5539460
    1580.000    -808.5376839    778.2084079    247.7689376    421.0316005
    1590.000    -816.3275924    779.7716457    247.7758092    423.5093243
    1600.000    -824.1330843    781.3251253    247.7825529    425.9871163
    1610.000    -831.9540627    782.8689675    247.7891719    428.4649750
    1620.000    -839.7904319    784.4032909    247.7956692    430.9428993
    1630.000    -847.6420972    785.9282118    247.8020478    433.4208880
    1640.000    -855.5089652    787.4438445    247.8083106    435.8989399
    1650.000    -863.3909435    788.9503014    247.8144603    438.3770538
    1660.000    -871.2879410    790.4476926    247.8204997    440.8552287
    1670.000    -879.1998675    791.9361263    247.8264314    443.3334634
    1680.000    -887.1266340    793.4157089    247.8322578    445.8117570
    1690.000    -895.0681525    794.8865449    247.8379816    448.2901083
    1700.000    -903.0243361    796.3487367    247.8436050    450.7685163
    1710.000    -910.9950988    797.8023853    247.8491305    453.2469800
    1720.000    -918.9803557    799.2475897    247.8545602    455.7254986
    1730.000    -926.9800228    800.6844472    247.8598964    458.2040709
    1740.000    -934.9940171    802.1130536    247.8651412    460.6826962
    1750.000    -943.0222567    803.5335029    247.8702967    463.1613734
    1760.000    -951.0646603    804.9458876    247.8753649    465.6401018
    1770.000    -959.1211478    806.3502985    247.8803477    468.1188805
    1780.000    -967.1916400    807.7468250    247.8852471    470.5977085
    1790.000    -975.2760583    809.1355550    247.8900649    473.0765851
    1800.000    -983.3743254    810.5165750    247.8948028    475.5555095
    1810.000    -991.4863644    811.8899698    247.8994628    478.0344809
    1820.000    -999.6120996    813.2558232    247.9040464    480.5134985
    1830.000   -1007.7514560    814.6142173    247.9085553    482.9925616
    1840.000   -1015.9043594    815.9652330    247.9129912    485.4716694
    1850.000   -1024.0707364    817.3089500    247.9173556    487.9508212
    1860.000   -1032.2505143    818.6454466    247.9216500    490.4300163
    1870.000   -1040.4436215    819.9747997    247.9258759    492.9092540
    1880.000   -1048.6499868    821.2970853    247.9300347    495.3885336
    1890.000   -1056.8695399    822.6123779    247.9341280    497.8678544
    1900.000   -1065.1022112    823.9207511    247.9381569    500.3472159
    1910.000   -1073.3479321    825.2222772    247.9421230    502.8266174
    1920.000   -1081.6066342    826.5170273    247.9460274    505.3060582
    1930.000   -1089.8782503    827.8050715    247.9498715    507.7855377
    1940.000   -1098.1627135    829.0864788    247.9536565    510.2650554
    1950.000   -1106.4599579    830.3613172    247.9573836    512.7446107
    1960.000   -1114.7699182    831.6296536    247.9610539    515.2242029
    1970.000   -1123.0925296    832.8915539    247.9646686    517.7038315
    1980.000   -1131.4277280    834.1470829    247.9682289    520.1834961
    1990.000   -1139.7754502    835.3963046    247.9717358    522.6631959
    2000.000   -1148.1356333    836.6392820    247.9751904    525.1429306