       0.000      68.2272954      0.0000000      0.0000000     68.2272954
      10.000      68.2255204      0.5999007      1.4579797     68.2315194
      20.000      68.2074119      3.5976994      9.8054201     68.2793658
      30.000      68.1388565     10.9657501     29.9558456     68.4678290
      40.000      67.9704907     23.5548990     60.1922416     68.9126867
      50.000      67.6527745     40.6165959     94.0767246     69.6836043
      60.000      67.1481849     60.6762286    126.4242423     70.7887586
      70.000      66.4338929     82.3563414    154.8568885     72.1988368
      80.000      65.4990543    104.6495511    178.8523889     73.8710184
      90.000      64.3410701    126.9008984    198.7357967     75.7621510
     100.000      62.9625120    148.7152098    215.1089256     77.8340330
     110.000      61.3689750    169.8703650    228.5950976     80.0547152
     120.000      59.5676838    190.2539655    239.7454533     82.3981597
     130.000      57.5666215    209.8211406    249.0164589     84.8433698
     140.000      55.3739995    228.5675459    256.7750374     87.3734559
     150.000      52.9979438    246.5124162    263.3122877     89.9748062
     160.000      50.4463160    263.6880397    268.8581530     92.6364023
     170.000      47.7266179    280.1332747    273.5943658     95.3492746
     180.000      44.8459469    295.8895973    277.6650310     98.1060744
     190.000      41.8109831    310.9987310    281.1849762    100.9007420
     200.000      38.6279941    325.5012642    284.2462260    103.7282469
     210.000      35.3028506    339.4358848    286.9229875    106.5843864
     220.000      31.8410478    352.8389963    289.2754796    109.4656270
     230.000      28.2477288    365.7445702    291.3528802    112.3689800
     240.000      24.5277095    378.1841401    293.1956006    115.2919031
     250.000      20.6855019    390.1868793    294.8370498    118.2322217
     260.000      16.7253380    401.7797243    296.3050088    121.1880663
     270.000      12.6511907    412.9875213    297.6227087    124.1578214
     280.000       8.4667945    423.8331806    298.8096802    127.1400850
     290.000       4.1756636    434.3378310    299.8824275    130.1336346
     300.000      -0.2188906    444.5209680    300.8549654    133.1373998
     310.000      -4.7137442    454.4005939    301.7392505    136.1504399
     320.000      -9.3059464    463.9933478    302.5455289    139.1719249
     330.000     -13.9927064    473.3146253    303.2826179    142.2011200
     340.000     -18.7713816    482.3786876    303.9581365    145.2373722
     350.000     -23.6394669    491.1987615    304.5786929    148.2800996
     360.000     -28.5945846    499.7871296    305.1500403    151.3287821
     370.000     -33.6344753    508.1552122    305.6772045    154.3829532
     380.000     -38.7569901    516.3136413    306.1645913    157.4421936
     390.000     -43.9600824    524.2723277    306.6160746    160.5061254
     400.000     -49.2418017    532.0405215    307.0350716    163.5744069
     410.000     -54.6002868    539.6268668    307.4246049    166.6467286
     420.000     -60.0337599    547.0394515    307.7873563    169.7228097
     430.000     -65.5405219    554.2858520    308.1257108    172.8023945
     440.000     -71.1189467    561.3731738    308.4417956    175.8852497
     450.000     -76.7674774    568.3080887    308.7375120    178.9711625
     460.000     -82.4846214    575.0968679    309.0145641    182.0599378
     470.000     -88.2689473    581.7454128    309.2744822    185.1513967
     480.000     -94.1190808    588.2592828    309.5186436    188.2453749
     490.000    -100.0337016    594.6437200    309.7482907    191.3417212
     500.000    -106.0115403    600.9036728    309.9645464    194.4402961
     510.000    -112.0513757    607.0438168    310.1684276    197.5409709
     520.000    -118.1520320    613.0685741    310.3608567    200.6436265
     530.000    -124.3123765    618.9821306    310.5426723    203.7481527
     540.000    -130.5313172    624.7884525    310.7146377    206.8544471
     550.000    -136.8078007    630.4913011    310.8774493    209.9624149
     560.000    -143.1408103    636.0942464    311.0317430    213.0719677
     570.000    -149.5293639    641.6006794    311.1781007    216.1830233
     580.000    -155.9725129    647.0138240    311.3170558    219.2955051
     590.000    -162.4693397    652.3367476    311.4490975    222.4093414
     600.000    -169.0189569    657.5723705    311.5746756    225.5244655
     610.000    -175.6205054    662.7234756    311.6942038    228.6408147
     620.000    -182.2731535    667.7927164    311.8080635    231.7583306
     630.000    -188.9760953    672.7826247    311.9166065    234.8769583
     640.000    -195.7285496    677.6956184    312.0201579    237.9966461
     650.000    -202.5297590    682.5340074    312.1190182    241.1173458
     660.000    -209.3789885    687.3000004    312.2134660    244.2390118
     670.000    -216.2755247    691.9957105    312.3037592    247.3616013
     680.000    -223.2186752    696.6231604    312.3901375    250.4850739
     690.000    -230.2077669    701.1842878    312.4728233    253.6093917
     700.000    -237.2421460    705.6809497    312.5520237    256.7345188
     710.000    -244.3211769    710.1149270    312.6279315    259.8604212
     720.000    -251.4442413    714.4879283    312.7007263    262.9870670
     730.000    -258.6107377    718.8015940    312.7705756    266.1144259
     740.000    -265.8200807    723.0574999    312.8376359    269.2424693
     750.000    -273.0717002    727.2571601    312.9020534    272.3711698
     760.000    -280.3650413    731.4020306    312.9639649    275.5005020
     770.000    -287.6995629    735.4935118    313.0234985    278.6304412
     780.000    -295.0747380    739.5329519    313.0807743    281.7609644
     790.000    -302.4900528    743.5216485    313.1359047    284.8920496
     800.000    -309.9450060    747.4608522    313.1889953    288.0236757
     810.000    -317.4391089    751.3517677    313.2401455    291.1558230
     820.000    -324.9718843    755.1955570    313.2894485    294.2884725
     830.000    -332.5428667    758.9933407    313.3369919    297.4216061
     840.000    -340.1516014    762.7462001    313.3828585    300.5552067
     850.000    -347.7976444    766.4551792    313.4271261    303.6892579
     860.000    -355.4805621    770.1212863    313.4698679    306.8237442
     870.000    -363.1999305    773.7454953    313.5111532    309.9586504
     880.000    -370.9553354    777.3287477    313.5510474    313.0939626
     890.000    -378.7463719    780.8719538    313.5896122    316.2296670
     900.000    -386.5726440    784.3759939    313.6269058    319.3657506
     910.000    -394.4337641    787.8417199    313.6629836    322.5022010
     920.000    -402.3293534    791.2699563    313.6978976    325.6390064
     930.000    -410.2590409    794.6615013    313.7316974    328.7761553
     940.000    -418.2224637    798.0171282    313.7644298    331.9136368
     950.000    -426.2192663    801.3375860    313.7961392    335.0514404
     960.000    -434.2491006    804.6236009    313.8268678    338.1895563
     970.000    -442.3116258    807.8758768    313.8566556    341.3279747
     980.000    -450.4065080    811.0950963    313.8855404    344.4666864
     990.000    -458.5334198    814.2819216    313.9135585    347.6056826
    1000.000    -466.6920406    817.4369953    313.9407441    350.7449548
    1010.000    -474.8820559    820.5609413    313.9671298    353.8844948
    1020.000    -483.1031576    823.6543652    313.9927466    357.0242948
    1030.000    -491.3550435    826.7178551    314.0176242    360.1643473
    1040.000    -499.6374169    829.7519825    314.0417907    363.3046449
    1050.000    -507.9499871    832.7573028    314.0652728    366.4451808
    1060.000    -516.2924687    835.7343556    314.0880962    369.5859482
    1070.000    -524.6645817    838.6836657    314.1102852    372.7269406
    1080.000    -533.0660513    841.6057436    314.1318631    375.8681519
    1090.000    -541.4966075    844.5010857    314.1528522    379.0095759
    1100.000    -549.9559855    847.3701750    314.1732736    382.1512070
    1110.000    -558.4439250    850.2134816    314.1931476    385.2930396
    1120.000    -566.9601707    853.0314633    314.2124936    388.4350682
    1130.000    -575.5044714    855.8245656    314.2313301    391.5772877
    1140.000    -584.0765805    858.5932225    314.2496748    394.7196932
    1150.000    -592.6762557    861.3378569    314.2675447    397.8622796
    1160.000    -601.3032589    864.0588806    314.2849560    401.0050425
    1170.000    -609.9573560    866.7566951    314.3019243    404.1479773
    1180.000    -618.6383168    869.4316918    314.3184644    407.2910796
    1190.000    -627.3459150    872.0842523    314.3345906    410.4343452
    1200.000    -636.0799283    874.7147486    314.3503167    413.5777701
    1210.000    -644.8401377    877.3235437    314.3656556    416.7213502
    1220.000    -653.6263280    879.9109917    314.3806201    419.8650819
    1230.000    -662.4382875    882.4774382    314.3952222    423.0089614
    1240.000    -671.2758079    885.0232202    314.4094735    426.1529852
    1250.000    -680.1386841    887.5486671    314.4233851    429.2971498
    1260.000    -689.0267145    890.0541003    314.4369678    432.4414518
    1270.000    -697.9397005    892.5398335    314.4502318    435.5858881
    1280.000    -706.8774465    895.0061734    314.4631870    438.7304554
    1290.000    -715.8397603    897.4534195    314.4758429    441.8751508
    1300.000    -724.8264523    899.8818643    314.4882087    445.0199713
    1310.000    -733.8373359    902.2917938    314.5002931    448.1649140
    1320.000    -742.8722274    904.6834876    314.5121047    451.3099763
    1330.000    -751.9309457    907.0572188    314.5236515    454.4551553
    1340.000    -761.0133127    909.4132546    314.5349414    457.6004484
    1350.000    -770.1191527    911.7518563    314.5459820    460.7458533
    1360.000    -779.2482926    914.0732793    314.5567805    463.8913673
    1370.000    -788.4005619    916.3777737    314.5673441    467.0369881
    1380.000    -797.5757925    918.6655840    314.5776793    470.1827134
    1390.000    -806.7738187    920.9369494    314.5877929    473.3285409
    1400.000    -815.9944774    923.1921043    314.5976910    476.4744685
    1410.000    -825.2376076    925.4312777    314.6073797    479.6204941
    1420.000    -834.5030505    927.6546943    314.6168649    482.7666154
    1430.000    -843.7906497    929.8625737    314.6261523    485.9128307
    1440.000    -853.1002509    932.0551310    314.6352473    489.0591378
    1450.000    -862.4317019    934.2325772    314.6441552    492.2055350
    1460.000    -871.7848527    936.3951185    314.6528810    495.3520203
    1470.000    -881.1595553    938.5429574    314.6614298    498.4985920
    1480.000    -890.5556635    940.6762918    314.6698062    501.6452484
    1490.000    -899.9730334    942.7953161    314.6780149    504.7919876
    1500.000    -909.4115228    944.9002206    314.6860603    507.9388081
    1510.000    -918.8709914    946.9911918    314.6939467    511.0857083
    1520.000    -928.3513008    949.0684127    314.7016783    514.2326865
    1530.000    -937.8523144    951.1320626    314.7092591    517.3797414
    1540.000    -947.3738974    953.1823173    314.7166929    520.5268712
    1550.000    -956.9159167    955.2193493    314.7239836    523.6740747
    1560.000    -966.4782409    957.2433277    314.7311348    526.8213504
    1570.000    -976.0607403    959.2544186    314.7381501    529.9686970
    1580.000    -985.6632868    961.2527847    314.7450328    533.1161130
    1590.000    -995.2857541    963.2385857    314.7517863    536.2635972
    1600.000   -1004.9280172    965.2119784    314.7584138    539.4111483
    1610.000   -1014.5899528    967.1731167    314.7649184    542.5587651
    1620.000   -1024.2714391    969.1221515    314.7713032    545.7064463
    1630.000   -1033.9723560    971.0592311    314.7775710    548.8541907
    1640.000   -1043.6925844    972.9845010    314.7837246    552.0019973
    1650.000   -1053.4320071    974.8981042    314.7897670    555.1498649
    1660.000   -1063.1905081    976.8001809    314.7957006    558.2977923
    1670.000   -1072.9679728    978.6908690    314.8015281    561.4457785
    1680.000   -1082.7642879    980.5703038    314.8072521    564.5938225
    1690.000   -1092.5793418    982.4386183    314.8128749    567.7419232
    1700.000   -1102.4130237    984.2959431    314.8183989    570.8900797
    1710.000   -1112.2652244    986.1424066    314.8238265    574.0382909
    1720.000   -1122.1358360    987.9781348    314.8291598    577.1865559
    1730.000   -1132.0247517    989.8032517    314.8344010    580.3348738
    1740.000   -1141.9318661    991.6178791    314.8395523    583.4832436
    1750.000   -1151.8570748    993.4221367    314.8446156    586.6316645
    1760.000   -1161.8002747    995.2161422    314.8495930    589.7801356
    1770.000   -1171.7613638    997.0000113    314.8544864    592.9286561
    1780.000   -1181.7402415    998.7738576    314.8592977    596.0772251
    1790.000   -1191.7368079   1000.5377931    314.8640287    599.2258418
    1800.000   -1201.7509647   1002.2919278    314.8686811    602.3745054
    1810.000   -1211.7826142   1004.0363698    314.8732568    605.5232152
    1820.000   -1221.8316601   1005.7712255    314.8777574    608.6719703
    1830.000   -1231.8980071   1007.4965995    314.8821845    611.8207701
    1840.000   -1241.9815608   1009.2125949    314.8865397    614.9696137
    1850.000   -1252.0822281   1010.9193128    314.8908245    618.1185006
    1860.000   -1262.1999165   1012.6168530    314.8950405    621.2674300
    1870.000   -1272.3345349   1014.3053134    314.8991892    624.4164012
    1880.000   -1282.4859928   1015.9847906    314.9032719    627.5654136
    1890.000   -1292.6542010   1017.6553796    314.9072901    630.7144664
    1900.000   -1302.8390711   1019.3171738    314.9112451    633.8635592
    1910.000   -1313.0405155   1020.9702652    314.9151382    637.0126911
    1920.000   -1323.2584477   1022.6147445    314.9189706    640.1618617
    1930.000   -1333.4927820   1024.2507007    314.9227438    643.3110703
    1940.000   -1343.7434336   1025.8782216    314.9264588    646.4603164
    1950.000   -1354.0103186   1027.4973938    314.9301169    649.6095993
    1960.000   -1364.2933539   1029.1083023    314.9337192    652.7589185
    1970.000   -1374.5924574   1030.7110309    314.9372669    655.9082735
    1980.000   -1384.9075476   1032.3056623    314.9407610    659.0576637
    1990.000   -1395.2385439   1033.8922776    314.9442026    662.2070886
    2000.000   -1405.5853667   1035.4709571    314.9475928    665.3565476