       0.000     325.0447595      0.0000000      0.0000000    325.0447595
      10.000     325.0429818      0.6244030      1.8753769    325.0492259
      20.000     325.0132773      7.1493125     25.5237456    325.1562636
      30.000     324.8484050     29.1877106     98.7083745    325.7240363
      40.000     324.3489153     75.1481817    237.4787706    327.3548425
      50.000     323.2575310    147.2376913    419.7568843    330.6194156
      60.000     321.3321461    240.8699166    612.8110171    335.7843411
      70.000     318.3910593    349.2562265    795.2921267    342.8389952
      80.000     314.3182947    466.3151930    958.0078420    351.6235101
      90.000     309.0511482    587.5050933   1099.0648475    361.9266066
     100.000     302.5648797    709.7253186   1219.9372987    373.5374115
     110.000     294.8599722    830.9715661   1323.2591512    386.2668445
     120.000     285.9528845    950.0036774   1411.7899423    399.9533257
     130.000     275.8697490   1066.0915403   1488.0090514    414.4616492
     140.000     264.6422164   1178.8375458   1554.0052051    429.6794728
     150.000     252.3047658   1288.0576506   1611.4885151    445.5134134
     160.000     238.8929874   1393.7032838   1661.8439554    461.8855129
     170.000     224.4425003   1495.8105259   1706.1915834    478.7302897
     180.000     208.9882823   1594.4671397   1745.4405700    495.9923674
     190.000     192.5642678   1689.7911997   1780.3335934    513.6245957
     200.000     175.2031191   1781.9172461   1811.4818823    531.5865683
     210.000     156.9361096   1870.9873354   1839.3923992    549.8434500
     220.000     137.7930793   1957.1452913   1864.4888096    568.3650434
     230.000     117.8024372   2040.5330573   1887.1276836    587.1250404
     240.000      96.9911922   2121.2884371   1907.6110833    606.1004171
     250.000      75.3850014   2199.5437517   1926.1964182    625.2709393
     260.000      53.0082296   2275.4251057   1943.1042306    644.6187571
     270.000      29.8840132   2349.0520546   1958.5244030    664.1280679
     280.000       6.0343260   2420.5375361   1972.6211496    683.7848361
     290.000     -18.5199547   2489.9879711   1985.5370672    703.5765569
     300.000     -43.7589843   2557.5034723   1997.3964470    723.4920574
     310.000     -69.6638886   2623.1781178   2008.3080015    743.5213279
     320.000     -96.2167056   2687.1002589   2018.3671266    763.6553773
     330.000    -123.4003292   2749.3528459   2027.6577872    783.8861099
     340.000    -151.1984574   2810.0137556   2036.2540991    804.2062195
     350.000    -179.5955430   2869.1561139   2044.2216616    824.6090969
     360.000    -208.5767473   2926.8486080   2051.6186857    845.0887516
     370.000    -238.1278978   2983.1557835   2058.4969533    865.6397421
     380.000    -268.2354479   3038.1383259   2064.9026356    886.2571159
     390.000    -298.8864396   3091.8533258   2070.8769934    906.9363575
     400.000    -330.0684688   3144.3545261   2076.4569793    927.6733416
     410.000    -361.7696532   3195.6925527   2081.6757564    948.4642934
     420.000    -393.9786020   3245.9151296   2086.5631466    969.3057525
     430.000    -426.6843880   3295.0672780   2091.1460195    990.1945416
     440.000    -459.8765214   3343.1915006   2095.4486292   1011.1277389
     450.000    -493.5449256   3390.3279532   2099.4929094   1032.1026533
     460.000    -527.6799147   3436.5146024   2103.2987295   1053.1168024
     470.000    -562.2721716   3481.7873722   2106.8841195   1074.1678933
     480.000    -597.3127294   3526.1802797   2110.2654674   1095.2538049
     490.000    -632.7929520   3569.7255600   2113.4576924   1116.3725724
     500.000    -668.7045173   3612.4537821   2116.4743975   1137.5223738
     510.000    -705.0394010   3654.3939564   2119.3280041   1158.7015168
     520.000    -741.7898616   3695.5736341   2122.0298714   1179.9084282
     530.000    -778.9484261   3736.0189986   2124.5904018   1201.1416432
     540.000    -816.5078770   3775.7549517   2127.0191347   1222.3997970
     550.000    -854.4612395   3814.8051916   2129.3248295   1243.6816158
     560.000    -892.8017704   3853.1922871   2131.5155404   1264.9859103
     570.000    -931.5229466   3890.9377452   2133.5986819   1286.3115682
     580.000    -970.6184550   3928.0620746   2135.5810886   1307.6575482
     590.000   -1010.0821830   3964.5848444   2137.4690674   1329.0228752
     600.000   -1049.9082091   4000.5247390   2139.2684458   1350.4066343
     610.000   -1090.0907944   4035.8996086   2140.9846140   1371.8079668
     620.000   -1130.6243748   4070.7265172   2142.6225632   1393.2260659
     630.000   -1171.5035527   4105.0217866   2144.1869202   1414.6601728
     640.000   -1212.7230905   4138.8010373   2145.6819789   1436.1095733
     650.000   -1254.2779033   4172.0792278   2147.1117274   1457.5735947
     660.000   -1296.1630527   4204.8706899   2148.4798746   1479.0516026
     670.000   -1338.3737406   4237.1891626   2149.7898721   1500.5429984
     680.000   -1380.9053033   4269.0478239   2151.0449358   1522.0472169
     690.000   -1423.7532065   4300.4593197   2152.2480645   1543.5637240
     700.000   -1466.9130397   4331.4357916   2153.4020569   1565.0920145
     710.000   -1510.3805112   4361.9889033   2154.5095277   1586.6316101
     720.000   -1554.1514440   4392.1298640   2155.5729215   1608.1820581
     730.000   -1598.2217706   4421.8694519   2156.5945256   1629.7429293
     740.000   -1642.5875297   4451.2180354   2157.5764824   1651.3138165
     750.000   -1687.2448613   4480.1855930   2158.5207998   1672.8943335
     760.000   -1732.1900035   4508.7817327   2159.4293613   1694.4841133
     770.000   -1777.4192888   4537.0157093   2160.3039349   1716.0828074
     780.000   -1822.9291403   4564.8964417   2161.1461816   1737.6900843
     790.000   -1868.7160688   4592.4325283   2161.9576629   1759.3056285
     800.000   -1914.7766697   4619.6322620   2162.7398478   1780.9291399
     810.000   -1961.1076196   4646.5036445   2163.4941195   1802.5603324
     820.000   -2007.7056739   4673.0543993   2164.2217808   1824.1989336
     830.000   -2054.5676637   4699.2919845   2164.9240602   1845.8446834
     840.000   -2101.6904937   4725.2236044   2165.6021165   1867.4973340
     850.000   -2149.0711392   4750.8562210   2166.2570434   1889.1566487
     860.000   -2196.7066439   4776.1965641   2166.8898743   1910.8224013
     870.000   -2244.5941179   4801.2511422   2167.5015856   1932.4943758
     880.000   -2292.7307352   4826.0262510   2168.0931007   1954.1723656
     890.000   -2341.1137317   4850.5279832   2168.6652937   1975.8561734
     900.000   -2389.7404033   4874.7622369   2169.2189919   1997.5456099
     910.000   -2438.6081039   4898.7347232   2169.7549791   2019.2404942
     920.000   -2487.7142437   4922.4509745   2170.2739984   2040.9406529
     930.000   -2537.0562872   4945.9163517   2170.7767545   2062.6459199
     940.000   -2586.6317518   4969.1360508   2171.2639159   2084.3561360
     950.000   -2636.4382061   4992.1151100   2171.7361175   2106.0711484
     960.000   -2686.4732682   5014.8584153   2172.1939624   2127.7908105
     970.000   -2736.7346043   5037.3707073   2172.6380237   2149.5149817
     980.000   -2787.2199276   5059.6565862   2173.0688462   2171.2435269
     990.000   -2837.9269963   5081.7205177   2173.4869485   2192.9763162
    1000.000   -2888.8536126   5103.5668377   2173.8928239   2214.7132251
    1010.000   -2939.9976217   5125.1997576   2174.2869422   2236.4541335
    1020.000   -2991.3569101   5146.6233689   2174.6697511   2258.1989262
    1030.000   -3042.9294046   5167.8416475   2175.0416771   2279.9474923
    1040.000   -3094.7130715   5188.8584580   2175.4031269   2301.6997248
    1050.000   -3146.7059148   5209.6775580   2175.7544887   2323.4555212
    1060.000   -3198.9059758   5230.3026019   2176.0961326   2345.2147822
    1070.000   -3251.3113318   5250.7371443   2176.4284122   2366.9774126
    1080.000   -3303.9200952   5270.9846441   2176.7516652   2388.7433204
    1090.000   -3356.7304124   5291.0484673   2177.0662142   2410.5124169
    1100.000   -3409.7404632   5310.9318908   2177.3723677   2432.2846167
    1110.000   -3462.9484596   5330.6381053   2177.6704205   2454.0598373
    1120.000   -3516.3526450   5350.1702179   2177.9606549   2475.8379990
    1130.000   -3569.9512937   5369.5312557   2178.2433408   2497.6190252
    1140.000   -3623.7427097   5388.7241678   2178.5187367   2519.4028416
    1150.000   -3677.7252262   5407.7518284   2178.7870902   2541.1893765
    1160.000   -3731.8972048   5426.6170392   2179.0486386   2562.9785607
    1170.000   -3786.2570346   5445.3225316   2179.3036091   2584.7703273
    1180.000   -3840.8031319   5463.8709691   2179.5522197   2606.5646117
    1190.000   -3895.5339392   5482.2649499   2179.7946794   2628.3613512
    1200.000   -3950.4479245   5500.5070083   2180.0311887   2650.1604854
    1210.000   -4005.5435812   5518.5996173   2180.2619401   2671.9619558
    1220.000   -4060.8194267   5536.5451905   2180.4871185   2693.7657056
    1230.000   -4116.2740027   5554.3460836   2180.7069011   2715.5716802
    1240.000   -4171.9058738   5572.0045968   2180.9214585   2737.3798262
    1250.000   -4227.7136275   5589.5229760   2181.1309545   2759.1900925
    1260.000   -4283.6958735   5606.9034147   2181.3355466   2781.0024290
    1270.000   -4339.8512432   5624.1480557   2181.5353860   2802.8167876
    1280.000   -4396.1783890   5641.2589925   2181.7306185   2824.6331214
    1290.000   -4452.6759842   5658.2382707   2181.9213841   2846.4513850
    1300.000   -4509.3427222   5675.0878898   2182.1078177   2868.2715346
    1310.000   -4566.1773163   5691.8098043   2182.2900491   2890.0935274
    1320.000   -4623.1784990   5708.4059250   2182.4682032   2911.9173220
    1330.000   -4680.3450217   5724.8781203   2182.6424005   2933.7428783
    1340.000   -4737.6756544   5741.2282176   2182.8127568   2955.5701572
    1350.000   -4795.1691850   5757.4580044   2182.9793841   2977.3991210
    1360.000   -4852.8244193   5773.5692295   2183.1423900   2999.2297328
    1370.000   -4910.6401801   5789.5636038   2183.3018785   3021.0619570
    1380.000   -4968.6153074   5805.4428018   2183.4579498   3042.8957590
    1390.000   -5026.7486577   5821.2084624   2183.6107004   3064.7311050
    1400.000   -5085.0391036   5836.8621899   2183.7602239   3086.5679622
    1410.000   -5143.4855336   5852.4055550   2183.9066101   3108.4062990
    1420.000   -5202.0868519   5867.8400959   2184.0499460   3130.2460843
    1430.000   -5260.8419778   5883.1673188   2184.1903156   3152.0872880
    1440.000   -5319.7498455   5898.3886989   2184.3277999   3173.9298810
    1450.000   -5378.8094038   5913.5056817   2184.4624773   3195.7738347
    1460.000   -5438.0196159   5928.5196831   2184.5944236   3217.6191214
    1470.000   -5497.3794588   5943.4320906   2184.7237118   3239.4657143
    1480.000   -5556.8879236   5958.2442639   2184.8504128   3261.3135870
    1490.000   -5616.5440144   5972.9575360   2184.9745949   3283.1627141
    1500.000   -5676.3467490   5987.5732132   2185.0963244   3305.0130708
    1510.000   -5736.2951577   6002.0925764   2185.2156652   3326.8646327
    1520.000   -5796.3882836   6016.5168815   2185.3326794   3348.7173763
    1530.000   -5856.6251825   6030.8473603   2185.4474268   3370.5712787
    1540.000   -5917.0049221   6045.0852205   2185.5599655   3392.4263175
    1550.000   -5977.5265822   6059.2316471   2185.6703518   3414.2824708
    1560.000   -6038.1892542   6073.2878024   2185.7786400   3436.1397175
    1570.000   -6098.9920411   6087.2548267   2185.8848828   3457.9980368
    1580.000   -6159.9340573   6101.1338392   2185.9891315   3479.8574085
    1590.000   -6221.0144282   6114.9259378   2186.0914354   3501.7178130
    1600.000   -6282.2322900   6128.6322006   2186.1918425   3523.5792309
    1610.000   -6343.5867896   6142.2536853   2186.2903993   3545.4416436
    1620.000   -6405.0770845   6155.7914305   2186.3871510   3567.3050329
    1630.000   -6466.7023425   6169.2464560   2186.4821413   3589.1693808
    1640.000   -6528.4617413   6182.6197630   2186.5754125   3611.0346700
    1650.000   -6590.3544686   6195.9123346   2186.6670059   3632.9008834
    1660.000   -6652.3797221   6209.1251366   2186.7569613   3654.7680046
    1670.000   -6714.5367086   6222.2591174   2186.8453176   3676.6360173
    1680.000   -6776.8246448   6235.3152087   2186.9321123   3698.5049058
    1690.000   -6839.2427562   6248.2943259   2187.0173820   3720.3746545
    1700.000   -6901.7902777   6261.1973683   2187.1011620   3742.2452485
    1710.000   -6964.4664530   6274.0252198   2187.1834869   3764.1166729
    1720.000   -7027.2705344   6286.7787487   2187.2643901   3785.9889135
    1730.000   -7090.2017830   6299.4588087   2187.3439041   3807.8619561
    1740.000   -7153.2594685   6312.0662388   2187.4220605   3829.7357870
    1750.000   -7216.4428685   6324.6018636   2187.4988898   3851.6103929
    1760.000   -7279.7512691   6337.0664941   2187.5744221   3873.4857605
    1770.000   -7343.1839644   6349.4609274   2187.6486861   3895.3618771
    1780.000   -7406.7402563   6361.7859474   2187.7217102   3917.2387301
    1790.000   -7470.4194545   6374.0423250   2187.7935218   3939.1163072
    1800.000   -7534.2208765   6386.2308184   2187.8641474   3960.9945966
    1810.000   -7598.1438471   6398.3521731   2187.9336131   3982.8735863
    1820.000   -7662.1876986   6410.4071229   2188.0019440   4004.7532650
    1830.000   -7726.3517706   6422.3963891   2188.0691647   4026.6336215
    1840.000   -7790.6354098   6434.3206818   2188.1352991   4048.5146447
    1850.000   -7855.0379700   6446.1806994   2188.2003704   4070.3963239
    1860.000   -7919.5588118   6457.9771293   2188.2644012   4092.2786486
    1870.000   -7984.1973029   6469.7106478   2188.3274137   4114.1616086
    1880.000   -8048.9528173   6481.3819207   2188.3894291   4136.0451936
    1890.000   -8113.8247360   6492.9916031   2188.4504685   4157.9293939
    1900.000   -8178.8124462   6504.5403400   2188.5105522   4179.8141998
    1910.000   -8243.9153417   6516.0287663   2188.5697000   4201.6996018
    1920.000   -8309.1328226   6527.4575069   2188.6279312   4223.5855907
    1930.000   -8374.4642950   6538.8271774   2188.6852646   4245.4721574
    1940.000   -8439.9091712   6550.1383837   2188.7417185   4267.3592931
    1950.000   -8505.4668698   6561.3917224   2188.7973109   4289.2469889
    1960.000   -8571.1368148   6572.5877813   2188.8520592   4311.1352365
    1970.000   -8636.9184364   6583.7271390   2188.9059802   4333.0240274
    1980.000   -8702.8111704   6594.8103656   2188.9590907   4354.9133534
    1990.000   -8768.8144585   6605.8380226   2189.0114067   4376.8032065
    2000.000   -8834.9277475   6616.8106632   2189.0629440   4398.6935789