       0.000     410.2429231      0.0000000      0.0000000    410.2429231
      10.000     410.2230826      6.6542640     15.5850084    410.2896252
      20.000     410.0419433     33.7441880     81.7294811    410.7168271
      30.000     409.4372050     94.1842958    247.5515117    412.2627339
      40.000     408.0020865    200.8538311    521.3170008    416.0362397
      50.000     405.2715726    351.7553897    846.5017331    422.8593420
      60.000     400.8596770    534.8406843   1167.8428023    432.9501180
      70.000     394.5113200    737.0656170   1456.7662731    446.1059131
      80.000     386.0889138    948.2381217   1704.7576461    461.9479635
      90.000     375.5401067   1161.4316491   1913.2245091    480.0689551
     100.000     362.8682503   1372.2928168   2087.2308294    500.0975319
     110.000     348.1107325   1578.2471506   2232.5219218    521.7179191
     120.000     331.3244637   1777.8782818   2354.3501195    544.6698575
     130.000     312.5765816   1970.4995953   2457.1322247    568.7415290
     140.000     291.9386573   2155.8740436   2544.4464845    593.7610234
     150.000     269.4831614   2334.0354120   2619.1454847    619.5884732
     160.000     245.2813620   2505.1757092   2683.4917628    646.1094755
     170.000     219.4021228   2669.5747318   2739.2816245    673.2298272
     180.000     191.9112607   2827.5562879   2787.9474832    700.8713925
     190.000     162.8712524   2979.4612280   2830.6387117    728.9688857
     200.000     132.3411521   3125.6310724   2868.2841721    757.4673666
     210.000     100.3766379   3266.3983234   2901.6401455    786.3202858
     220.000      67.0301323   3402.0809941   2931.3269996    815.4879510
     230.000      32.3509622   3532.9797882   2957.8573045    844.9363135
     240.000      -3.6144601   3659.3769350   2981.6574922    874.6360043
     250.000     -40.8224517   3781.5360446   3003.0846474    904.5615595
     260.000     -79.2318743   3899.7025745   3022.4396148    934.6907951
     270.000    -118.8039568   4014.1046488   3039.9773068    965.0042984
     280.000    -159.5021268   4124.9540631   3055.9148695    995.4850109
     290.000    -201.2918526   4232.4473694   3070.4382007   1026.1178845
     300.000    -244.1404966   4336.7669759   3083.7071876   1056.8895962
     310.000    -288.0171789   4438.0822209   3095.8599468   1087.7883095
     320.000    -332.8926520   4536.5503982   3107.0162759   1118.8034754
     330.000    -378.7391852   4632.3177211   3117.2804835   1149.9256628
     340.000    -425.5304581   4725.5202190   3126.7437202   1181.1464164
     350.000    -473.2414633   4816.2845660   3135.4859112   1212.4581348
     360.000    -521.8484167   4904.7288420   3143.5773655   1243.8539664
     370.000    -571.3286747   4990.9632303   3151.0801224   1275.3277205
     380.000    -621.6606589   5075.0906554   3158.0490838   1306.8737902
     390.000    -672.8237861   5157.2073641   3164.5329704   1338.4870859
     400.000    -724.7984047   5237.4034561   3170.5751315   1370.1629777
     410.000    -777.5657352   5315.7633674   3176.2142350   1401.8972454
     420.000    -831.1078160   5392.3663109   3181.4848561   1433.6860345
     430.000    -885.4074533   5467.2866773   3186.4179820   1465.5258179
     440.000    -940.4481746   5540.5944019   3191.0414456   1497.4133623
     450.000    -996.2141857   5612.3552980   3195.3803004   1529.3456984
     460.000   -1052.6903315   5682.6313622   3199.4571435   1561.3200952
     470.000   -1109.8620587   5751.4810530   3203.2923968   1593.3340362
     480.000   -1167.7153822   5818.9595455   3206.9045516   1625.3851996
     490.000   -1226.2368530   5885.1189647   3210.3103813   1657.4714397
     500.000   -1285.4135292   5950.0085993   3213.5251279   1689.5907705
     510.000   -1345.2329482   6013.6750977   3216.5626655   1721.7413517
     520.000   -1405.6831016   6076.1626479   3219.4356436   1753.9214754
     530.000   -1466.7524112   6137.5131430   3222.1556135   1786.1295546
     540.000   -1528.4297070   6197.7663331   3224.7331400   1818.3641129
     550.000   -1590.7042062   6256.9599657   3227.1778996   1850.6237749
     560.000   -1653.5654942   6315.1299147   3229.4987684   1882.9072580
     570.000   -1717.0035061   6372.3102995   3231.7038993   1915.2133646
     580.000   -1781.0085101   6428.5335954   3233.8007912   1947.5409753
     590.000   -1845.5710910   6483.8307351   3235.7963503   1979.8890427
     600.000   -1910.6821360   6538.2312030   3237.6969453   2012.2565858
     610.000   -1976.3328201   6591.7631225   3239.5084562   2044.6426847
     620.000   -2042.5145929   6644.4533372   3241.2363184   2077.0464761
     630.000   -2109.2191667   6696.3274853   3242.8855621   2109.4671491
     640.000   -2176.4385042   6747.4100704   3244.4608480   2141.9039409
     650.000   -2244.1648078   6797.7245257   3245.9664988   2174.3561339
     660.000   -2312.3905091   6847.2932747   3247.4065282   2206.8230522
     670.000   -2381.1082593   6896.1377873   3248.7846670   2239.3040582
     680.000   -2450.3109194   6944.2786326   3250.1043862   2271.7985508
     690.000   -2519.9915522   6991.7355278   3251.3689187   2304.3059620
     700.000   -2590.1434132   7038.5273836   3252.5812780   2336.8257553
     710.000   -2660.7599436   7084.6723474   3253.7442762   2369.3574231
     720.000   -2731.8347620   7130.1878432   3254.8605395   2401.9004850
     730.000   -2803.3616581   7175.0906087   3255.9325230   2434.4544863
     740.000   -2875.3345855   7219.3967311   3256.9625235   2467.0189956
     750.000   -2947.7476556   7263.1216794   3257.9526915   2499.5936040
     760.000   -3020.5951315   7306.2803353   3258.9050428   2532.1779234
     770.000   -3093.8714224   7348.8870227   3259.8214675   2564.7715851
     780.000   -3167.5710781   7390.9555346   3260.7037400   2597.3742389
     790.000   -3241.6887835   7432.4991584   3261.5535270   2629.9855516
     800.000   -3316.2193544   7473.5307009   3262.3723954   2662.6052064
     810.000   -3391.1577318   7514.0625101   3263.1618190   2695.2329014
     820.000   -3466.4989785   7554.1064973   3263.9231856   2727.8683492
     830.000   -3542.2382741   7593.6741566   3264.6578022   2760.5112759
     840.000   -3618.3709109   7632.7765847   3265.3669012   2793.1614202
     850.000   -3694.8922907   7671.4244983   3266.0516452   2825.8185328
     860.000   -3771.7979204   7709.6282512   3266.7131315   2858.4823756
     870.000   -3849.0834086   7747.3978505   3267.3523966   2891.1527213
     880.000   -3926.7444625   7784.7429719   3267.9704203   2923.8293527
     890.000   -4004.7768844   7821.6729735   3268.5681291   2956.5120620
     900.000   -4083.1765685   7858.1969100   3269.1463996   2989.2006505
     910.000   -4161.9394983   7894.3235454   3269.7060622   3021.8949280
     920.000   -4241.0617434   7930.0613649   3270.2479033   3054.5947124
     930.000   -4320.5394569   7965.4185872   3270.7726685   3087.2998292
     940.000   -4400.3688730   8000.4031747   3271.2810648   3120.0101112
     950.000   -4480.5463041   8035.0228444   3271.7737634   3152.7253981
     960.000   -4561.0681385   8069.2850778   3272.2514013   3185.4455363
     970.000   -4641.9308384   8103.1971303   3272.7145839   3218.1703780
     980.000   -4723.1309373   8136.7660398   3273.1638864   3250.8997817
     990.000   -4804.6650381   8169.9986358   3273.5998559   3283.6336113
    1000.000   -4886.5298111   8202.9015472   3274.0230127   3316.3717361
    1010.000   -4968.7219916   8235.4812100   3274.4338523   3349.1140305
    1020.000   -5051.2383786   8267.7438748   3274.8328465   3381.8603736
    1030.000   -5134.0758327   8299.6956137   3275.2204447   3414.6106494
    1040.000   -5217.2312742   8331.3423271   3275.5970753   3447.3647460
    1050.000   -5300.7016816   8362.6897499   3275.9631468   3480.1225557
    1060.000   -5384.4840901   8393.7434577   3276.3190491   3512.8839750
    1070.000   -5468.5755898   8424.5088728   3276.6651541   3545.6489041
    1080.000   -5552.9733242   8454.9912693   3277.0018170   3578.4172466
    1090.000   -5637.6744889   8485.1957789   3277.3293771   3611.1889101
    1100.000   -5722.6763302   8515.1273955   3277.6481587   3643.9638049
    1110.000   -5807.9761434   8544.7909806   3277.9584716   3676.7418450
    1120.000   -5893.5712721   8574.1912672   3278.2606123   3709.5229471
    1130.000   -5979.4591065   8603.3328650   3278.5548645   3742.3070310
    1140.000   -6065.6370821   8632.2202642   3278.8414996   3775.0940190
    1150.000   -6152.1026790   8660.8578395   3279.1207775   3807.8838364
    1160.000   -6238.8534204   8689.2498545   3279.3929472   3840.6764109
    1170.000   -6325.8868715   8717.4004649   3279.6582472   3873.4716725
    1180.000   -6413.2006385   8745.3137222   3279.9169061   3906.2695537
    1190.000   -6500.7923679   8772.9935774   3280.1691433   3939.0699892
    1200.000   -6588.6597449   8800.4438840   3280.4151689   3971.8729158
    1210.000   -6676.8004930   8827.6684012   3280.6551847   4004.6782725
    1220.000   -6765.2123725   8854.6707973   3280.8893845   4037.4860001
    1230.000   -6853.8931804   8881.4546519   3281.1179541   4070.2960415
    1240.000   -6942.8407488   8908.0234595   3281.3410721   4103.1083411
    1250.000   -7032.0529442   8934.3806316   3281.5589102   4135.9228453
    1260.000   -7121.5276671   8960.5294994   3281.7716331   4168.7395022
    1270.000   -7211.2628507   8986.4733166   3281.9793995   4201.5582614
    1280.000   -7301.2564605   9012.2152615   3282.1823618   4234.3790742
    1290.000   -7391.5064934   9037.7584392   3282.3806666   4267.2018931
    1300.000   -7482.0109768   9063.1058841   3282.5744550   4300.0266725
    1310.000   -7572.7679685   9088.2605619   3282.7638629   4332.8533676
    1320.000   -7663.7755552   9113.2253718   3282.9490210   4365.6819356
    1330.000   -7755.0318525   9138.0031480   3283.1300552   4398.5123343
    1340.000   -7846.5350040   9162.5966621   3283.3070868   4431.3445233
    1350.000   -7938.2831806   9187.0086249   3283.4802327   4464.1784631
    1360.000   -8030.2745801   9211.2416879   3283.6496056   4497.0141154
    1370.000   -8122.5074267   9235.2984450   3283.8153140   4529.8514430
    1380.000   -8214.9799698   9259.1814345   3283.9774628   4562.6904098
    1390.000   -8307.6904844   9282.8931404   3284.1361529   4595.5309807
    1400.000   -8400.6372698   9306.4359939   3284.2914818   4628.3731217
    1410.000   -8493.8186494   9329.8123751   3284.4435437   4661.2167995
    1420.000   -8587.2329702   9353.0246142   3284.5924292   4694.0619820
    1430.000   -8680.8786021   9376.0749929   3284.7382262   4726.9086378
    1440.000   -8774.7539379   9398.9657461   3284.8810192   4759.7567365
    1450.000   -8868.8573923   9421.6990625   3285.0208902   4792.6062484
    1460.000   -8963.1874015   9444.2770865   3285.1579180   4825.4571448
    1470.000   -9057.7424234   9466.7019190   3285.2921793   4858.3093976
    1480.000   -9152.5209362   9488.9756186   3285.4237477   4891.1629794
    1490.000   -9247.5214387   9511.1002030   3285.5526947   4924.0178638
    1500.000   -9342.7424498   9533.0776497   3285.6790893   4956.8740248
    1510.000   -9438.1825077   9554.9098973   3285.8029985   4989.7314373
    1520.000   -9533.8401700   9576.5988465   3285.9244867   5022.5900767
    1530.000   -9629.7140132   9598.1463610   3286.0436166   5055.4499191
    1540.000   -9725.8026319   9619.5542684   3286.1604487   5088.3109414
    1550.000   -9822.1046392   9640.8243612   3286.2750416   5121.1731207
    1560.000   -9918.6186656   9661.9583978   3286.3874521   5154.0364349
    1570.000  -10015.3433594   9682.9581032   3286.4977352   5186.9008626
    1580.000  -10112.2773856   9703.8251698   3286.6059442   5219.7663827
    1590.000  -10209.4194262   9724.5612584   3286.7121306   5252.6329747
    1600.000  -10306.7681796   9745.1679989   3286.8163445   5285.5006187
    1610.000  -10404.3223603   9765.6469910   3286.9186343   5318.3692952
    1620.000  -10502.0806988   9785.9998049   3287.0190470   5351.2389852
    1630.000  -10600.0419410   9806.2279822   3287.1176284   5384.1096701
    1640.000  -10698.2048480   9826.3330365   3287.2144224   5416.9813318
    1650.000  -10796.5681962   9846.3164539   3287.3094721   5449.8539527
    1660.000  -10895.1307765   9866.1796940   3287.4028190   5482.7275155
    1670.000  -10993.8913943   9885.9241903   3287.4945035   5515.6020035
    1680.000  -11092.8488692   9905.5513508   3287.5845648   5548.4774002
    1690.000  -11192.0020348   9925.0625588   3287.6730410   5581.3536895
    1700.000  -11291.3497384   9944.4591731   3287.7599689   5614.2308559
    1710.000  -11390.8908408   9963.7425290   3287.8453844   5647.1088839
    1720.000  -11490.6242158   9982.9139386   3287.9293224   5679.9877586
    1730.000  -11590.5487507  10001.9746914   3288.0118167   5712.8674655
    1740.000  -11690.6633450  10020.9260548   3288.0929002   5745.7479903
    1750.000  -11790.9669113  10039.7692744   3288.1726049   5778.6293189
    1760.000  -11891.4583741  10058.5055750   3288.2509617   5811.5114379
    1770.000  -11992.1366704  10077.1361606   3288.3280009   5844.3943338
    1780.000  -12093.0007489  10095.6622149   3288.4037517   5877.2779936
    1790.000  -12194.0495702  10114.0849021   3288.4782428   5910.1624046
    1800.000  -12295.2821062  10132.4053670   3288.5515019   5943.0475543
    1810.000  -12396.6973405  10150.6247354   3288.6235560   5975.9334306
    1820.000  -12498.2942676  10168.7441149   3288.6944313   6008.8200215
    1830.000  -12600.0718931  10186.7645948   3288.7641533   6041.7073154
    1840.000  -12702.0292334  10204.6872469   3288.8327470   6074.5953008
    1850.000  -12804.1653155  10222.5131255   3288.9002365   6107.4839667
    1860.000  -12906.4791768  10240.2432682   3288.9666453   6140.3733020
    1870.000  -13008.9698652  10257.8786958   3289.0319964   6173.2632960
    1880.000  -13111.6364384  10275.4204132   3289.0963122   6206.1539384
    1890.000  -13214.4779644  10292.8694091   3289.1596142   6239.0452189
    1900.000  -13317.4935207  10310.2266569   3289.2219238   6271.9371274
    1910.000  -13420.6821949  10327.4931147   3289.2832615   6304.8296541
    1920.000  -13524.0430835  10344.6697255   3289.3436473   6337.7227895
    1930.000  -13627.5752930  10361.7574181   3289.4031010   6370.6165240
    1940.000  -13731.2779386  10378.7571067   3289.4616415   6403.5108485
    1950.000  -13835.1501448  10395.6696916   3289.5192874   6436.4057538
    1960.000  -13939.1910450  10412.4960593   3289.5760569   6469.3012313
    1970.000  -14043.3997815  10429.2370830   3289.6319676   6502.1972721
    1980.000  -14147.7755051  10445.8936227   3289.6870367   6535.0938678
    1990.000  -14252.3173751  10462.4665252   3289.7412811   6567.9910101
    2000.000  -14357.0245595  10478.9566252   3289.7947170   6600.8886908
