       0.000     143.8023122      0.0000000      0.0000000    143.8023122
      10.000     143.7855700      4.9878987     10.0899054    143.8354490
      20.000     143.6645284     21.4971728     47.4437704    144.0944719
      30.000     143.3034469     53.5474335    121.8516948    144.9098699
      40.000     142.5369317    102.4416921    226.6981716    146.6345994
      50.000     141.2072700    165.4748322    342.8617373    149.4810116
      60.000     139.1959376    237.9735250    454.0881594    153.4743491
      70.000     136.4310172    315.5482488    552.4993108    158.5193946
      80.000     132.8790087    394.9503054    636.2096801    164.4750331
      90.000     128.5331056    474.0519283    706.2059308    171.1977791
     100.000     123.4033216    551.5666395    764.4535470    178.5599856
     110.000     117.5095045    626.7735447    813.0157657    186.4545944
     120.000     110.8767712    699.3114781    853.7213875    194.7941486
     130.000     103.5326525    769.0404180    888.0822845    203.5079068
     140.000      95.5053606    835.9524992    917.3095888    212.5387105
     150.000      86.8227682    900.1162179    942.3608392    221.8402009
     160.000      77.5118318    961.6419241    963.9905555    231.3745397
     170.000      67.5982870   1020.6607037    982.7945880    241.1106066
     180.000      57.1065106   1077.3116066    999.2460087    251.0225998
     190.000      46.0594825   1131.7340588   1013.7230819    261.0889537
     200.000      34.4788055   1184.0634867   1026.5306782    271.2915028
     210.000      22.3847586   1234.4289264   1037.9165500    281.6148331
     220.000       9.7963678   1282.9518523   1048.0836896    292.0457753
     230.000      -3.2685159   1329.7457492   1057.1997408    302.5730064
     240.000     -16.7931363   1374.9161262   1065.4042019    313.1867340
     250.000     -30.7617535   1418.5607882   1072.8139766    323.8784435
     260.000     -45.1595688   1460.7702452   1079.5276834    334.6406949
     270.000     -59.9726541   1501.6281904   1085.6290277    345.4669573
     280.000     -75.1878862   1541.2119991   1091.1894628    356.3514736
     290.000     -90.7928861   1579.5932239   1096.2703046    367.2891489
     300.000    -106.7759633   1616.8380710   1100.9244280    378.2754580
     310.000    -123.1260644   1653.0078477   1105.1976349    389.3063684
     320.000    -139.8327265   1688.1593778   1109.1297683    400.3782744
     330.000    -156.8860340   1722.3453856   1112.7556234    411.4879433
     340.000    -174.2765794   1755.6148454   1116.1056988    422.6324680
     350.000    -191.9954279   1788.0133018   1119.2068185    433.8092277
     360.000    -210.0340838   1819.5831598   1122.0826513    445.0158537
     370.000    -228.3844612   1850.3639488   1124.7541450    456.2501999
     380.000    -247.0388558   1880.3925618   1127.2398929    467.5103177
     390.000    -265.9899203   1909.7034724   1129.5564427    478.7944340
     400.000    -285.2306406   1938.3289315   1131.7185601    490.1009319
     410.000    -304.7543150   1966.2991452   1133.7394526    501.4283346
     420.000    -324.5545340   1993.6424377   1135.6309617    512.7752898
     430.000    -344.6251628   2020.3853975   1137.4037281    524.1405581
     440.000    -364.9603243   2046.5530112   1139.0673333    535.5230006
     450.000    -385.5543837   2072.1687856   1140.6304233    546.9215698
     460.000    -406.4019345   2097.2548580   1142.1008148    558.3353002
     470.000    -427.4977849   2121.8320972   1143.4855883    569.7633008
     480.000    -448.8369461   2145.9201961   1144.7911688    581.2047481
     490.000    -470.4146205   2169.5377555   1146.0233970    592.6588797
     500.000    -492.2261914   2192.7023614   1147.1875911    604.1249893
     510.000    -514.2672134   2215.4306557   1148.2886014    615.6024210
     520.000    -536.5334028   2237.7384006   1149.3308585    627.0905655
     530.000    -559.0206295   2259.6405384   1150.3184159    638.5888558
     540.000    -581.7249089   2281.1512459   1151.2549871    650.0967639
     550.000    -604.6423946   2302.2839847   1152.1439792    661.6137970
     560.000    -627.7693714   2323.0515477   1152.9885225    673.1394953
     570.000    -651.1022489   2343.4661015   1153.7914968    684.6734289
     580.000    -674.6375554   2363.5392258   1154.5555547    696.2151956
     590.000    -698.3719322   2383.2819502   1155.2831428    707.7644185
     600.000    -722.3021282   2402.7047876   1155.9765203    719.3207444
     610.000    -746.4249951   2421.8177654   1156.6377757    730.8838418
     620.000    -770.7374826   2440.6304546   1157.2688424    742.4533993
     630.000    -795.2366337   2459.1519965   1157.8715116    754.0291240
     640.000    -819.9195812   2477.3911275   1158.4474449    765.6107404
     650.000    -844.7835428   2495.3562027   1158.9981852    777.1979890
     660.000    -869.8258184   2513.0552172   1159.5251667    788.7906250
     670.000    -895.0437858   2530.4958260   1160.0297239    800.3884176
     680.000    -920.4348980   2547.6853630   1160.5130997    811.9911488
     690.000    -945.9966797   2564.6308587   1160.9764527    823.5986128
     700.000    -971.7267242   2581.3390557   1161.4208641    835.2106148
     710.000    -997.6226914   2597.8164249   1161.8473436    846.8269703
     720.000   -1023.6823040   2614.0691793   1162.2568352    858.4475050
     730.000   -1049.9033462   2630.1032870   1162.6502218    870.0720534
     740.000   -1076.2836601   2645.9244847   1163.0283304    881.7004585
     750.000   -1102.8211446   2661.5382883   1163.3919358    893.3325716
     760.000   -1129.5137523   2676.9500047   1163.7417646    904.9682513
     770.000   -1156.3594881   2692.1647420   1164.0784991    916.6073633
     780.000   -1183.3564069   2707.1874189   1164.4027798    928.2497798
     790.000   -1210.5026121   2722.0227740   1164.7152091    939.8953794
     800.000   -1237.7962533   2736.6753745   1165.0163534    951.5440464
     810.000   -1265.2355251   2751.1496243   1165.3067460    963.1956706
     820.000   -1292.8186654   2765.4497714   1165.5868892    974.8501471
     830.000   -1320.5439538   2779.5799153   1165.8572567    986.5073758
     840.000   -1348.4097102   2793.5440136   1166.1182951    998.1672612
     850.000   -1376.4142934   2807.3458887   1166.3704259   1009.8297120
     860.000   -1404.5560996   2820.9892336   1166.6140475   1021.4946413
     870.000   -1432.8335615   2834.4776177   1166.8495361   1033.1619659
     880.000   -1461.2451469   2847.8144921   1167.0772477   1044.8316061
     890.000   -1489.7893575   2861.0031950   1167.2975188   1056.5034860
     900.000   -1518.4647277   2874.0469561   1167.5106684   1068.1775328
     910.000   -1547.2698239   2886.9489017   1167.7169984   1079.8536767
     920.000   -1576.2032431   2899.7120588   1167.9167951   1091.5318510
     930.000   -1605.2636122   2912.3393591   1168.1103299   1103.2119917
     940.000   -1634.4495869   2924.8336431   1168.2978605   1114.8940375
     950.000   -1663.7598509   2937.1976638   1168.4796312   1126.5779297
     960.000   -1693.1931149   2949.4340903   1168.6558746   1138.2636117
     970.000   -1722.7481160   2961.5455109   1168.8268111   1149.9510295
     980.000   -1752.4236168   2973.5344365   1168.9926509   1161.6401310
     990.000   -1782.2184046   2985.4033038   1169.1535934   1173.3308662
    1000.000   -1812.1312906   2997.1544777   1169.3098288   1185.0231872
    1010.000   -1842.1611095   3008.7902546   1169.4615379   1196.7170477
    1020.000   -1872.3067185   3020.3128646   1169.6088932   1208.4124034
    1030.000   -1902.5669968   3031.7244741   1169.7520589   1220.1092116
    1040.000   -1932.9408450   3043.0271886   1169.8911916   1231.8074311
    1050.000   -1963.4271844   3054.2230542   1170.0264407   1243.5070225
    1060.000   -1994.0249565   3065.3140604   1170.1579489   1255.2079475
    1070.000   -2024.7331225   3076.3021420   1170.2858523   1266.9101694
    1080.000   -2055.5506626   3087.1891810   1170.4102808   1278.6136530
    1090.000   -2086.4765754   3097.9770086   1170.5313587   1290.3183639
    1100.000   -2117.5098780   3108.6674067   1170.6492048   1302.0242694
    1110.000   -2148.6496046   3119.2621101   1170.7639325   1313.7313376
    1120.000   -2179.8948068   3129.7628079   1170.8756506   1325.4395380
    1130.000   -2211.2445529   3140.1711450   1170.9844630   1337.1488409
    1140.000   -2242.6979272   3150.4887238   1171.0904692   1348.8592179
    1150.000   -2274.2540300   3160.7171055   1171.1937646   1360.5706413
    1160.000   -2305.9119771   3170.8578116   1171.2944404   1372.2830844
    1170.000   -2337.6708990   3180.9123253   1171.3925841   1383.9965216
    1180.000   -2369.5299411   3190.8820924   1171.4882798   1395.7109280
    1190.000   -2401.4882630   3200.7685230   1171.5816078   1407.4262793
    1200.000   -2433.5450383   3210.5729924   1171.6726453   1419.1425525
    1210.000   -2465.6994541   3220.2968422   1171.7614664   1430.8597249
    1220.000   -2497.9507108   3229.9413815   1171.8481423   1442.5777747
    1230.000   -2530.2980217   3239.5078882   1171.9327413   1454.2966808
    1240.000   -2562.7406126   3248.9976092   1172.0153290   1466.0164228
    1250.000   -2595.2777220   3258.4117623   1172.0959684   1477.7369809
    1260.000   -2627.9086000   3267.7515364   1172.1747202   1489.4583359
    1270.000   -2660.6325086   3277.0180928   1172.2516426   1501.1804692
    1280.000   -2693.4487215   3286.2125659   1172.3267917   1512.9033628
    1290.000   -2726.3565234   3295.3360641   1172.4002215   1524.6269993
    1300.000   -2759.3552098   3304.3896704   1172.4719837   1536.3513617
    1310.000   -2792.4440873   3313.3744434   1172.5421284   1548.0764336
    1320.000   -2825.6224727   3322.2914180   1172.6107038   1559.8021990
    1330.000   -2858.8896931   3331.1416057   1172.6777560   1571.5286426
    1340.000   -2892.2450855   3339.9259961   1172.7433299   1583.2557492
    1350.000   -2925.6879969   3348.6455565   1172.8074683   1594.9835044
    1360.000   -2959.2177837   3357.3012335   1172.8702129   1606.7118939
    1370.000   -2992.8338117   3365.8939532   1172.9316035   1618.4409041
    1380.000   -3026.5354559   3374.4246214   1172.9916788   1630.1705216
    1390.000   -3060.3221003   3382.8941250   1173.0504759   1641.9007334
    1400.000   -3094.1931374   3391.3033317   1173.1080309   1653.6315270
    1410.000   -3128.1479687   3399.6530913   1173.1643782   1665.3628900
    1420.000   -3162.1860039   3407.9442356   1173.2195515   1677.0948106
    1430.000   -3196.3066608   3416.1775791   1173.2735830   1688.8272773
    1440.000   -3230.5093655   3424.3539195   1173.3265039   1700.5602786
    1450.000   -3264.7935518   3432.4740383   1173.3783444   1712.2938037
    1460.000   -3299.1586614   3440.5387009   1173.4291336   1724.0278420
    1470.000   -3333.6041434   3448.5486574   1173.4788998   1735.7623830
    1480.000   -3368.1294546   3456.5046428   1173.5276700   1747.4974167
    1490.000   -3402.7340588   3464.4073772   1173.5754707   1759.2329332
    1500.000   -3437.4174270   3472.2575666   1173.6223274   1770.9689229
    1510.000   -3472.1790373   3480.0559033   1173.6682646   1782.7053766
    1520.000   -3507.0183745   3487.8030656   1173.7133063   1794.4422852
    1530.000   -3541.9349302   3495.4997190   1173.7574754   1806.1796399
    1540.000   -3576.9282027   3503.1465160   1173.8007945   1817.9174319
    1550.000   -3611.9976965   3510.7440964   1173.8432850   1829.6556530
    1560.000   -3647.1429227   3518.2930882   1173.8849679   1841.3942949
    1570.000   -3682.3633984   3525.7941071   1173.9258635   1853.1333497
    1580.000   -3717.6586469   3533.2477573   1173.9659916   1864.8728096
    1590.000   -3753.0281976   3540.6546319   1174.0053710   1876.6126671
    1600.000   -3788.4715856   3548.0153126   1174.0440204   1888.3529146
    1610.000   -3823.9883518   3555.3303707   1174.0819576   1900.0935451
    1620.000   -3859.5780428   3562.6003668   1174.1192000   1911.8345514
    1630.000   -3895.2402107   3569.8258513   1174.1557643   1923.5759268
    1640.000   -3930.9744132   3577.0073645   1174.1916670   1935.3176645
    1650.000   -3966.7802132   3584.1454371   1174.2269239   1947.0597580
    1660.000   -4002.6571789   3591.2405903   1174.2615503   1958.8022009
    1670.000   -4038.6048837   3598.2933357   1174.2955611   1970.5449870
    1680.000   -4074.6229059   3605.3041762   1174.3289709   1982.2881101
    1690.000   -4110.7108292   3612.2736057   1174.3617936   1994.0315644
    1700.000   -4146.8682416   3619.2021092   1174.3940430   2005.7753441
    1710.000   -4183.0947365   3626.0901637   1174.4257323   2017.5194434
    1720.000   -4219.3899116   3632.9382375   1174.4568743   2029.2638569
    1730.000   -4255.7533695   3639.7467911   1174.4874816   2041.0085791
    1740.000   -4292.1847172   3646.5162770   1174.5175663   2052.7536048
    1750.000   -4328.6835663   3653.2471400   1174.5471403   2064.4989288
    1760.000   -4365.2495328   3659.9398174   1174.5762149   2076.2445459
    1770.000   -4401.8822368   3666.5947391   1174.6048015   2087.9904514
    1780.000   -4438.5813031   3673.2123278   1174.6329107   2099.7366404
    1790.000   -4475.3463603   3679.7929991   1174.6605532   2111.4831081
    1800.000   -4512.1770414   3686.3371618   1174.6877392   2123.2298499
    1810.000   -4549.0729832   3692.8452180   1174.7144787   2134.9768614
    1820.000   -4586.0338267   3699.3175630   1174.7407815   2146.7241380
    1830.000   -4623.0592167   3705.7545860   1174.7666569   2158.4716756
    1840.000   -4660.1488020   3712.1566694   1174.7921141   2170.2194698
    1850.000   -4697.3022349   3718.5241900   1174.8171622   2181.9675165
    1860.000   -4734.5191718   3724.8575180   1174.8418097   2193.7158117
    1870.000   -4771.7992725   3731.1570181   1174.8660653   2205.4643514
    1880.000   -4809.1422006   3737.4230491   1174.8899371   2217.2131317
    1890.000   -4846.5476231   3743.6559640   1174.9134332   2228.9621489
    1900.000   -4884.0152106   3749.8561104   1174.9365614   2240.7113992
    1910.000   -4921.5446372   3756.0238304   1174.9593294   2252.4608789
    1920.000   -4959.1355803   3762.1594609   1174.9817446   2264.2105846
    1930.000   -4996.7877206   3768.2633333   1175.0038141   2275.9605126
    1940.000   -5034.5007422   3774.3357742   1175.0255452   2287.7106597
    1950.000   -5072.2743324   3780.3771050   1175.0469446   2299.4610224
    1960.000   -5110.1081816   3786.3876424   1175.0680191   2311.2115975
    1970.000   -5148.0019836   3792.3676982   1175.0887752   2322.9623818
    1980.000   -5185.9554350   3798.3175793   1175.1092193   2334.7133720
    1990.000   -5223.9682356   3804.2375883   1175.1293576   2346.4645651
    2000.000   -5262.0400882   3810.1280232   1175.1491961   2358.2159581
