       0.000     243.7446629      0.0000000      0.0000000    243.7446629
      10.000     243.7256498      5.2888820      9.7321643    243.7785386
      20.000     243.5993738     22.9928893     55.7598381    244.0592316
      30.000     243.1843971     64.9332936    171.8051082    245.1323959
      40.000     242.1955847    138.0089544    352.7783952    247.7159429
      50.000     240.3311187    238.8495572    559.8168872    252.2735966
      60.000     237.3547064    358.8789157    760.0310082    258.8874414
      70.000     233.1177784    489.7143549    937.7030374    267.3977832
      80.000     227.5455303    625.0889801   1088.8917736    277.5526487
      90.000     220.6148457    760.8626983   1215.1969263    289.0924886
     100.000     212.3355238    894.4975979   1320.1146613    301.7852836
     110.000     202.7369562   1024.5362890   1407.3671211    315.4359480
     120.000     191.8593865   1150.2123568   1480.2731078    329.8848693
     130.000     179.7484055   1271.1878839   1541.5869699    345.0028304
     140.000     166.4515752   1387.3844457   1593.5221983    360.6853976
     150.000     152.0164072   1498.8766379   1637.8337166    376.8479028
     160.000     136.4891909   1605.8257583   1675.9077391    393.4213122
     170.000     119.9143477   1708.4388198   1708.8411559    410.3489471
     180.000     102.3341098   1806.9434246   1737.5061004    427.5839263
     190.000      83.7883970   1901.5725534   1762.6004929    445.0871821
     200.000      64.3148116   1992.5555482   1784.6869066    462.8259212
     210.000      43.9487033   2080.1129644   1804.2222449    480.7724258
     220.000      22.7232727   2164.4538334   1821.5803810    498.9031160
     230.000       0.6696928   2245.7744187   1837.0694787    517.1978091
     240.000     -22.1827601   2324.2578865   1850.9453107    535.6391327
     250.000     -45.8065769   2400.0745228   1863.4215636    554.2120538
     260.000     -70.1758889   2473.3822668   1874.6778681    572.9035005
     270.000     -95.2663481   2544.3274132   1884.8661024    591.7020535
     280.000    -121.0550144   2613.0453897   1894.1153771    610.5976948
     290.000    -147.5202509   2679.6615568   1902.5360051    629.5816006
     300.000    -174.6416273   2744.2919905   1910.2226867    648.6459698
     310.000    -202.3998309   2807.0442328   1917.2570813    667.7838812
     320.000    -230.7765845   2868.0179950   1923.7098982    686.9891739
     330.000    -259.7545717   2927.3058124   1929.6426057    706.2563464
     340.000    -289.3173681   2984.9936470   1935.1088373    725.5804718
     350.000    -319.4493785   3041.1614396   1940.1555544    744.9571254
     360.000    -350.1357788   3095.8836149   1944.8240128    764.3823226
     370.000    -381.3624638   3149.2295411   1949.1505695    783.8524664
     380.000    -413.1159983   3201.2639478   1953.1673608    803.3643018
     390.000    -445.3835730   3252.0473062   1956.9028725    822.9148764
     400.000    -478.1529632   3301.6361740   1960.3824232    842.5015064
     410.000    -511.4124918   3350.0835095   1963.6285750    862.1217471
     420.000    -545.1509941   3397.4389558   1966.6614825    881.7733673
     430.000    -579.3577868   3443.7491004   1969.4991933    901.4543263
     440.000    -614.0226380   3489.0577106   1972.1579041    921.1627547
     450.000    -649.1357401   3533.4059479   1974.6521826    940.8969365
     460.000    -684.6876851   3576.8325636   1976.9951586    960.6552941
     470.000    -720.6694412   3619.3740770   1979.1986896    980.4363749
     480.000    -757.0723314   3661.0649382   1981.2735050   1000.2388390
     490.000    -793.8880131   3701.9376768   1983.2293312   1020.0614485
     500.000    -831.1084605   3742.0230380   1985.0750015   1039.9030585
     510.000    -868.7259464   3781.3501071   1986.8185518   1059.7626082
     520.000    -906.7330269   3819.9464242   1988.4673047   1079.6391136
     530.000    -945.1225262   3857.8380884   1990.0279440   1099.5316607
     540.000    -983.8875225   3895.0498551   1991.5065792   1119.4393992
     550.000   -1023.0213354   3931.6052237   1992.9088042   1139.3615376
     560.000   -1062.5175136   3967.5265202   1994.2397474   1159.2973377
     570.000   -1102.3698231   4002.8349716   1995.5041177   1179.2461107
     580.000   -1142.5722376   4037.5507763   1996.7062446   1199.2072127
     590.000   -1183.1189274   4071.6931675   1997.8501137   1219.1800414
     600.000   -1224.0042508   4105.2804730   1998.9393992   1239.1640330
     610.000   -1265.2227449   4138.3301700   1999.9774922   1259.1586588
     620.000   -1306.7691178   4170.8589363   2000.9675265   1279.1634227
     630.000   -1348.6382404   4202.8826971   2001.9124011   1299.1778588
     640.000   -1390.8251392   4234.4166693   2002.8148014   1319.2015292
     650.000   -1433.3249897   4265.4754019   2003.6772174   1339.2340216
     660.000   -1476.1331096   4296.0728144   2004.5019605   1359.2749479
     670.000   -1519.2449527   4326.2222315   2005.2911785   1379.3239424
     680.000   -1562.6561035   4355.9364165   2006.0468691   1399.3806598
     690.000   -1606.3622711   4385.2276019   2006.7708927   1419.4447742
     700.000   -1650.3592847   4414.1075179   2007.4649830   1439.5159779
     710.000   -1694.6430881   4442.5874192   2008.1307574   1459.5939795
     720.000   -1739.2097357   4470.6781103   2008.7697260   1479.6785037
     730.000   -1784.0553876   4498.3899685   2009.3833004   1499.7692894
     740.000   -1829.1763056   4525.7329663   2009.9728009   1519.8660894
     750.000   -1874.5688494   4552.7166916   2010.5394634   1539.9686693
     760.000   -1920.2294727   4579.3503672   2011.0844461   1560.0768064
     770.000   -1966.1547195   4605.6428690   2011.6088351   1580.1902896
     780.000   -2012.3412213   4631.6027426   2012.1136494   1600.3089179
     790.000   -2058.7856931   4657.2382198   2012.5998465   1620.4325005
     800.000   -2105.4849309   4682.5572333   2013.0683258   1640.5608558
     810.000   -2152.4358084   4707.5674311   2013.5199339   1660.6938108
     820.000   -2199.6352747   4732.2761897   2013.9554671   1680.8312009
     830.000   -2247.0803512   4756.6906268   2014.3756759   1700.9728691
     840.000   -2294.7681291   4780.8176128   2014.7812675   1721.1186657
     850.000   -2342.6957674   4804.6637827   2015.1729090   1741.2684479
     860.000   -2390.8604901   4828.2355460   2015.5512301   1761.4220795
     870.000   -2439.2595843   4851.5390970   2015.9168253   1781.5794301
     880.000   -2487.8903980   4874.5804243   2016.2702568   1801.7403754
     890.000   -2536.7503380   4897.3653197   2016.6120558   1821.9047965
     900.000   -2585.8368683   4919.8993864   2016.9427252   1842.0725794
     910.000   -2635.1475078   4942.1880475   2017.2627412   1862.2436155
     920.000   -2684.6798287   4964.2365533   2017.5725546   1882.4178003
     930.000   -2734.4314553   4986.0499884   2017.8725929   1902.5950340
     940.000   -2784.4000614   5007.6332790   2018.1632615   1922.7752209
     950.000   -2834.5833696   5028.9911988   2018.4449451   1942.9582693
     960.000   -2884.9791496   5050.1283757   2018.7180088   1963.1440911
     970.000   -2935.5852163   5071.0492971   2018.9827995   1983.3326019
     980.000   -2986.3994292   5091.7583161   2019.2396470   2003.5237206
     990.000   -3037.4196904   5112.2596563   2019.4888646   2023.7173694
    1000.000   -3088.6439437   5132.5574172   2019.7307505   2043.9134734
    1010.000   -3140.0701734   5152.6555785   2019.9655887   2064.1119609
    1020.000   -3191.6964029   5172.5580054   2020.1936494   2084.3127626
    1030.000   -3243.5206936   5192.2684522   2020.4151900   2104.5158121
    1040.000   -3295.5411441   5211.7905670   2020.6304559   2124.7210455
    1050.000   -3347.7558890   5231.1278953   2020.8396812   2144.9284011
    1060.000   -3400.1630976   5250.2838843   2021.0430891   2165.1378197
    1070.000   -3452.7609734   5269.2618856   2021.2408926   2185.3492442
    1080.000   -3505.5477529   5288.0651597   2021.4332951   2205.5626196
    1090.000   -3558.5217047   5306.6968785   2021.6204909   2225.7778928
    1100.000   -3611.6811289   5325.1601287   2021.8026657   2245.9950127
    1110.000   -3665.0243558   5343.4579151   2021.9799969   2266.2139299
    1120.000   -3718.5497454   5361.5931629   2022.1526543   2286.4345970
    1130.000   -3772.2556867   5379.5687210   2022.3208001   2306.6569680
    1140.000   -3826.1405968   5397.3873643   2022.4845899   2326.8809985
    1150.000   -3880.2029200   5415.0517963   2022.6441725   2347.1066458
    1160.000   -3934.4411275   5432.5646516   2022.7996902   2367.3338684
    1170.000   -3988.8537163   5449.9284981   2022.9512797   2387.5626265
    1180.000   -4043.4392091   5467.1458394   2023.0990718   2407.7928813
    1190.000   -4098.1961529   5484.2191165   2023.2431919   2428.0245957
    1200.000   -4153.1231192   5501.1507104   2023.3837605   2448.2577333
    1210.000   -4208.2187026   5517.9429438   2023.5208930   2468.4922594
    1220.000   -4263.4815211   5534.5980829   2023.6547002   2488.7281401
    1230.000   -4318.9102147   5551.1183393   2023.7852885   2508.9653427
    1240.000   -4374.5034454   5567.5058717   2023.9127601   2529.2038355
    1250.000   -4430.2598967   5583.7627876   2024.0372132   2549.4435878
    1260.000   -4486.1782727   5599.8911450   2024.1587421   2569.6845700
    1270.000   -4542.2572978   5615.8929536   2024.2774375   2589.9267532
    1280.000   -4598.4957165   5631.7701766   2024.3933867   2610.1701096
    1290.000   -4654.8922924   5647.5247322   2024.5066735   2630.4146121
    1300.000   -4711.4458085   5663.1584946   2024.6173786   2650.6602345
    1310.000   -4768.1550658   5678.6732955   2024.7255798   2670.9069513
    1320.000   -4825.0188838   5694.0709256   2024.8313518   2691.1547380
    1330.000   -4882.0360996   5709.3531354   2024.9347667   2711.4035705
    1340.000   -4939.2055675   5724.5216367   2025.0358939   2731.6534257
    1350.000   -4996.5261589   5739.5781036   2025.1348001   2751.9042810
    1360.000   -5053.9967616   5754.5241736   2025.2315499   2772.1561145
    1370.000   -5111.6162797   5769.3614487   2025.3262053   2792.4089050
    1380.000   -5169.3836331   5784.0914963   2025.4188263   2812.6626318
    1390.000   -5227.2977573   5798.7158505   2025.5094706   2832.9172749
    1400.000   -5285.3576028   5813.2360126   2025.5981941   2853.1728148
    1410.000   -5343.5621352   5827.6534523   2025.6850504   2873.4292326
    1420.000   -5401.9103343   5841.9696085   2025.7700915   2893.6865098
    1430.000   -5460.4011944   5856.1858902   2025.8533676   2913.9446285
    1440.000   -5519.0337238   5870.3036772   2025.9349271   2934.2035714
    1450.000   -5577.8069441   5884.3243211   2026.0148167   2954.4633215
    1460.000   -5636.7198908   5898.2491460   2026.0930817   2974.7238623
    1470.000   -5695.7716120   5912.0794489   2026.1697657   2994.9851779
    1480.000   -5754.9611689   5925.8165010   2026.2449110   3015.2472525
    1490.000   -5814.2876353   5939.4615479   2026.3185584   3035.5100711
    1500.000   -5873.7500973   5953.0158107   2026.3907474   3055.7736188
    1510.000   -5933.3476529   5966.4804863   2026.4615162   3076.0378813
    1520.000   -5993.0794123   5979.8567479   2026.5309017   3096.3028445
    1530.000   -6052.9444970   5993.1457463   2026.5989397   3116.5684949
    1540.000   -6112.9420401   6006.3486098   2026.6656648   3136.8348190
    1550.000   -6173.0711858   6019.4664450   2026.7311105   3157.1018039
    1560.000   -6233.3310892   6032.5003373   2026.7953094   3177.3694370
    1570.000   -6293.7209163   6045.4513518   2026.8582927   3197.6377060
    1580.000   -6354.2398435   6058.3205332   2026.9200909   3217.9065989
    1590.000   -6414.8870576   6071.1089067   2026.9807336   3238.1761040
    1600.000   -6475.6617556   6083.8174784   2027.0402494   3258.4462098
    1610.000   -6536.5631444   6096.4472359   2027.0986659   3278.7169053
    1620.000   -6597.5904408   6108.9991484   2027.1560100   3298.9881796
    1630.000   -6658.7428711   6121.4741676   2027.2123079   3319.2600220
    1640.000   -6720.0196710   6133.8732276   2027.2675846   3339.5324223
    1650.000   -6781.4200855   6146.1972460   2027.3218649   3359.8053704
    1660.000   -6842.9433688   6158.4471236   2027.3751723   3380.0788564
    1670.000   -6904.5887838   6170.6237452   2027.4275301   3400.3528707
    1680.000   -6966.3556024   6182.7279799   2027.4789606   3420.6274039
    1690.000   -7028.2431050   6194.7606816   2027.5294855   3440.9024469
    1700.000   -7090.2505804   6206.7226888   2027.5791260   3461.1779907
    1710.000   -7152.3773258   6218.6148259   2027.6279025   3481.4540265
    1720.000   -7214.6226467   6230.4379027   2027.6758350   3501.7305459
    1730.000   -7276.9858563   6242.1927149   2027.7229428   3522.0075405
    1740.000   -7339.4662760   6253.8800449   2027.7692447   3542.2850021
    1750.000   -7402.0632349   6265.5006615   2027.8147590   3562.5629227
    1760.000   -7464.7760694   6277.0553205   2027.8595033   3582.8412947
    1770.000   -7527.6041239   6288.5447651   2027.9034950   3603.1201103
    1780.000   -7590.5467498   6299.9697258   2027.9467508   3623.3993621
    1790.000   -7653.6033059   6311.3309211   2027.9892870   3643.6790429
    1800.000   -7716.7731580   6322.6290575   2028.0311194   3663.9591455
    1810.000   -7780.0556791   6333.8648299   2028.0722636   3684.2396630
    1820.000   -7843.4502490   6345.0389217   2028.1127344   3704.5205886
    1830.000   -7906.9562542   6356.1520053   2028.1525466   3724.8019155
    1840.000   -7970.5730880   6367.2047420   2028.1917142   3745.0836373
    1850.000   -8034.3001501   6378.1977826   2028.2302511   3765.3657477
    1860.000   -8098.1368468   6389.1317672   2028.2681708   3785.6482403
    1870.000   -8162.0825906   6400.0073261   2028.3054863   3805.9311091
    1880.000   -8226.1368006   6410.8250791   2028.3422105   3826.2143481
    1890.000   -8290.2989016   6421.5856365   2028.3783557   3846.4979514
    1900.000   -8354.5683247   6432.2895989   2028.4139340   3866.7819133
    1910.000   -8418.9445069   6442.9375576   2028.4489573   3887.0662282
    1920.000   -8483.4268911   6453.5300946   2028.4834369   3907.3508906
    1930.000   -8548.0149259   6464.0677830   2028.5173841   3927.6358952
    1940.000   -8612.7080658   6474.5511868   2028.5508097   3947.9212366
    1950.000   -8677.5057706   6484.9808617   2028.5837244   3968.2069097
    1960.000   -8742.4075058   6495.3573547   2028.6161386   3988.4929094
    1970.000   -8807.4127422   6505.6812046   2028.6480622   4008.7792308
    1980.000   -8872.5209561   6515.9529420   2028.6795053   4029.0658690
    1990.000   -8937.7316291   6526.1730896   2028.7104773   4049.3528193
    2000.000   -9003.0442477   6536.3421624   2028.7409875   4069.6400770
