       0.000     198.5272077      0.0000000      0.0000000    198.5272077
      10.000     198.5149258      5.2625795     16.6359730    198.5675515
      20.000     198.3365741     34.2640765     80.1448440    199.0218557
      30.000     197.7582864     84.9592040    184.3066528    200.3070625
      40.000     196.5667319    156.6879640    325.5033304    202.8342504
      50.000     194.5661045    245.8607000    479.5348283    206.8591395
      60.000     191.6116240    346.4259431    625.6473159    212.3971806
      70.000     187.6184787    452.7783396    754.2734475    219.3129625
      80.000     182.5505333    560.8371538    863.4645105    227.4175056
      90.000     176.4049306    667.9728664    954.7584124    236.5224886
     100.000     169.1994342    772.6243132   1030.8091618    246.4618656
     110.000     160.9636144    873.9392493   1094.3258386    257.0969319
     120.000     151.7331530    971.5118681   1147.6866054    268.3145772
     130.000     141.5463152   1065.2082281   1192.8504651    280.0233849
     140.000     130.4418304   1155.0549496   1231.3843863    292.1495233
     150.000     118.4576611   1241.1697726   1264.5258575    304.6331270
     160.000     105.6303232   1323.7188188   1293.2486210    317.4253342
     170.000      91.9945429   1402.8906092   1318.3202315    330.4859465
     180.000      77.5831170   1478.8805101   1340.3487738    343.7816088
     190.000      62.4268944   1551.8816399   1359.8193943    357.2844060
     200.000      46.5548264   1622.0797638   1377.1223274    370.9707792
     210.000      29.9940554   1689.6506347   1392.5742044    384.8206887
     220.000      12.7700214   1754.7588210   1406.4342102    398.8169620
     230.000      -5.0934237   1817.5574244   1418.9163481    412.9447839
     240.000     -23.5739026   1878.1883155   1430.1987864    427.1912932
     250.000     -42.6504026   1936.7826566   1440.4310227    441.5452616
     260.000     -62.3031720   1993.4615699   1449.7394151    455.9968362
     270.000     -82.5136229   2048.3368643   1458.2314852    470.5373305
     280.000    -103.2642422   2101.5117689   1465.9992945    485.1590531
     290.000    -124.5385090   2153.0816433   1473.1221162    499.8551676
     300.000    -146.3208195   2203.1346491   1479.6685678    514.6195752
     310.000    -168.5964183   2251.7523736   1485.6983265    529.4468175
     320.000    -191.3513353   2299.0104037   1491.2635220    544.3319939
     330.000    -214.5723284   2344.9788507   1496.4098741    559.2706924
     340.000    -238.2468312   2389.7228269   1501.1776299    574.2589299
     350.000    -262.3629056   2433.3028787   1505.6023408    589.2931019
     360.000    -286.9091974   2475.7753779   1509.7155105    604.3699387
     370.000    -311.8748969   2517.1928763   1513.5451391    619.4864674
     380.000    -337.2497021   2557.6044260   1517.1161819    634.6399798
     390.000    -363.0237854   2597.0558693   1520.4509388    649.8280036
     400.000    -389.1877624   2635.5901004   1523.5693859    665.0482777
     410.000    -415.7326642   2673.2473038   1526.4894593    680.2987303
     420.000    -442.6499110   2710.0651682   1529.2272992    695.5774597
     430.000    -469.9312880   2746.0790826   1531.7974600    710.8827175
     440.000    -497.5689239   2781.3223132   1534.2130925    726.2128939
     450.000    -525.5552699   2815.8261643   1536.4861018    741.5665041
     460.000    -553.8830811   2849.6201254   1538.6272855    756.9421766
     470.000    -582.5453989   2882.7320045   1540.6464534    772.3386432
     480.000    -611.5355352   2915.1880501   1542.5525331    787.7547288
     490.000    -640.8470567   2947.0130627   1544.3536627    803.1893441
     500.000    -670.4737713   2978.2304968   1546.0572719    818.6414771
     510.000    -700.4097155   3008.8625541   1547.6701542    834.1101871
     520.000    -730.6491414   3038.9302691   1549.1985305    849.5945985
     530.000    -761.1865063   3068.4535876   1550.6481048    865.0938951
     540.000    -792.0164617   3097.4514392   1552.0241151    880.6073155
     550.000    -823.1338436   3125.9418034   1553.3313773    896.1341483
     560.000    -854.5336632   3153.9417712   1554.5743251    911.6737287
     570.000    -886.2110986   3181.4676012   1555.7570451    927.2254341
     580.000    -918.1614864   3208.5347722   1556.8833092    942.7886814
     590.000    -950.3803144   3235.1580308   1557.9566021    958.3629237
     600.000    -982.8632143   3261.3514366   1558.9801474    973.9476477
     610.000   -1015.6059551   3287.1284032   1559.9569303    989.5423708
     620.000   -1048.6044370   3312.5017365   1560.8897181   1005.1466396
     630.000   -1081.8546852   3337.4836704   1561.7810790   1020.7600271
     640.000   -1115.3528448   3362.0858998   1562.6333987   1036.3821311
     650.000   -1149.0951749   3386.3196112   1563.4488957   1052.0125724
     660.000   -1183.0780443   3410.1955114   1564.2296349   1067.6509932
     670.000   -1217.2979266   3433.7238541   1564.9775401   1083.2970556
     680.000   -1251.7513957   3456.9144650   1565.6944054   1098.9504405
     690.000   -1286.4351216   3479.7767645   1566.3819051   1114.6108459
     700.000   -1321.3458668   3502.3197896   1567.0416037   1130.2779860
     710.000   -1356.4804821   3524.5522144   1567.6749636   1145.9515902
     720.000   -1391.8359035   3546.4823688   1568.2833536   1161.6314020
     730.000   -1427.4091486   3568.1182560   1568.8680553   1177.3171783
     740.000   -1463.1973134   3589.4675697   1569.4302702   1193.0086882
     750.000   -1499.1975695   3610.5377093   1569.9711252   1208.7057125
     760.000   -1535.4071608   3631.3357945   1570.4916781   1224.4080430
     770.000   -1571.8234014   3651.8686793   1570.9929227   1240.1154817
     780.000   -1608.4436724   3672.1429649   1571.4757933   1255.8278402
     790.000   -1645.2654199   3692.1650116   1571.9411688   1271.5449393
     800.000   -1682.2861523   3711.9409504   1572.3898766   1287.2666080
     810.000   -1719.5034383   3731.4766940   1572.8226964   1302.9926838
     820.000   -1756.9149046   3750.7779464   1573.2403629   1318.7230115
     830.000   -1794.5182339   3769.8502131   1573.6435694   1334.4574429
     840.000   -1832.3111633   3788.6988097   1574.0329703   1350.1958368
     850.000   -1870.2914817   3807.3288706   1574.4091835   1365.9380583
     860.000   -1908.4570288   3825.7453573   1574.7727932   1381.6839785
     870.000   -1946.8056929   3843.9530655   1575.1243517   1397.4334740
     880.000   -1985.3354097   3861.9566327   1575.4643817   1413.1864271
     890.000   -2024.0441601   3879.7605449   1575.7933780   1428.9427249
     900.000   -2062.9299695   3897.3691433   1576.1118094   1444.7022595
     910.000   -2101.9909059   3914.7866300   1576.4201203   1460.4649274
     920.000   -2141.2250787   3932.0170741   1576.7187318   1476.2306295
     930.000   -2180.6306371   3949.0644173   1577.0080440   1491.9992710
     940.000   -2220.2057694   3965.9324788   1577.2884362   1507.7707607
     950.000   -2259.9487014   3982.6249606   1577.5602690   1523.5450112
     960.000   -2299.8576953   3999.1454521   1577.8238851   1539.3219387
     970.000   -2339.9310488   4015.4974344   1578.0796100   1555.1014626
     980.000   -2380.1670936   4031.6842849   1578.3277538   1570.8835056
     990.000   -2420.5641950   4047.7092812   1578.5686112   1586.6679934
    1000.000   -2461.1207503   4063.5756048   1578.8024630   1602.4548545
    1010.000   -2501.8351885   4079.2863452   1579.0295767   1618.2440202
    1020.000   -2542.7059686   4094.8445030   1579.2502072   1634.0354244
    1030.000   -2583.7315796   4110.2529934   1579.4645975   1649.8290035
    1040.000   -2624.9105391   4125.5146494   1579.6729793   1665.6246963
    1050.000   -2666.2413924   4140.6322249   1579.8755739   1681.4224438
    1060.000   -2707.7227122   4155.6083976   1580.0725924   1697.2221892
    1070.000   -2749.3530977   4170.4457714   1580.2642366   1713.0238778
    1080.000   -2791.1311734   4185.1468797   1580.4506990   1728.8274567
    1090.000   -2833.0555893   4199.7141875   1580.6321638   1744.6328751
    1100.000   -2875.1250192   4214.1500937   1580.8088072   1760.4400839
    1110.000   -2917.3381609   4228.4569339   1580.9807976   1776.2490357
    1120.000   -2959.6937352   4242.6369822   1581.1482962   1792.0596849
    1130.000   -3002.1904853   4256.6924535   1581.3114573   1807.8719872
    1140.000   -3044.8271762   4270.6255055   1581.4704286   1823.6859000
    1150.000   -3087.6025944   4284.4382406   1581.6253517   1839.5013823
    1160.000   -3130.5155468   4298.1327077   1581.7763623   1855.3183940
    1170.000   -3173.5648610   4311.7109042   1581.9235904   1871.1368969
    1180.000   -3216.7493838   4325.1747775   1582.0671608   1886.9568537
    1190.000   -3260.0679818   4338.5262270   1582.2071930   1902.7782283
    1200.000   -3303.5195398   4351.7671049   1582.3438019   1918.6009861
    1210.000   -3347.1029613   4364.8992187   1582.4770976   1934.4250933
    1220.000   -3390.8171675   4377.9243319   1582.6071861   1950.2505174
    1230.000   -3434.6610970   4390.8441656   1582.7341688   1966.0772267
    1240.000   -3478.6337055   4403.6604002   1582.8581437   1981.9051907
    1250.000   -3522.7339652   4416.3746760   1582.9792044   1997.7343798
    1260.000   -3566.9608645   4428.9885952   1583.0974413   2013.5647654
    1270.000   -3611.3134078   4441.5037223   1583.2129411   2029.3963195
    1280.000   -3655.7906148   4453.9215860   1583.3257874   2045.2290154
    1290.000   -3700.3915203   4466.2436798   1583.4360606   2061.0628267
    1300.000   -3745.1151740   4478.4714633   1583.5438379   2076.8977283
    1310.000   -3789.9606399   4490.6063629   1583.6491938   2092.7336954
    1320.000   -3834.9269963   4502.6497732   1583.7522002   2108.5707043
    1330.000   -3880.0133350   4514.6030577   1583.8529260   2124.4087318
    1340.000   -3925.2187615   4526.4675499   1583.9514379   2140.2477554
    1350.000   -3970.5423944   4538.2445539   1584.0478001   2156.0877534
    1360.000   -4015.9833652   4549.9353453   1584.1420744   2171.9287045
    1370.000   -4061.5408181   4561.5411724   1584.2343205   2187.7705881
    1380.000   -4107.2139095   4573.0632564   1584.3245961   2203.6133843
    1390.000   -4153.0018080   4584.5027926   1584.4129565   2219.4570737
    1400.000   -4198.9036941   4595.8609510   1584.4994555   2235.3016373
    1410.000   -4244.9187596   4607.1388768   1584.5841448   2251.1470567
    1420.000   -4291.0462079   4618.3376917   1584.6670744   2266.9933143
    1430.000   -4337.2852534   4629.4584937   1584.7482925   2282.8403925
    1440.000   -4383.6351213   4640.5023583   1584.8278458   2298.6882746
    1450.000   -4430.0950476   4651.4703391   1584.9057793   2314.5369440
    1460.000   -4476.6642786   4662.3634682   1584.9821366   2330.3863849
    1470.000   -4523.3420709   4673.1827568   1585.0569598   2346.2365817
    1480.000   -4570.1276909   4683.9291960   1585.1302895   2362.0875191
    1490.000   -4617.0204152   4694.6037569   1585.2021651   2377.9391826
    1500.000   -4664.0195296   4705.2073916   1585.2726248   2393.7915577
    1510.000   -4711.1243297   4715.7410333   1585.3417053   2409.6446305
    1520.000   -4758.3341200   4726.2055970   1585.4094424   2425.4983874
    1530.000   -4805.6482144   4736.6019800   1585.4758705   2441.3528150
    1540.000   -4853.0659353   4746.9310622   1585.5410230   2457.2079005
    1550.000   -4900.5866142   4757.1937068   1585.6049324   2473.0636313
    1560.000   -4948.2095908   4767.3907602   1585.6676299   2488.9199951
    1570.000   -4995.9342135   4777.5230532   1585.7291460   2504.7769800
    1580.000   -5043.7598387   4787.5914006   1585.7895101   2520.6345742
    1590.000   -5091.6858310   4797.5966022   1585.8487506   2536.4927664
    1600.000   -5139.7115629   4807.5394428   1585.9068952   2552.3515456
    1610.000   -5187.8364146   4817.4206928   1585.9639707   2568.2109008
    1620.000   -5236.0597740   4827.2411083   1586.0200031   2584.0708215
    1630.000   -5284.3810364   4837.0014318   1586.0750176   2599.9312974
    1640.000   -5332.7996047   4846.7023922   1586.1290387   2615.7923185
    1650.000   -5381.3148888   4856.3447053   1586.1820900   2631.6538750
    1660.000   -5429.9263057   4865.9290740   1586.2341946   2647.5159572
    1670.000   -5478.6332794   4875.4561888   1586.2853748   2663.3785558
    1680.000   -5527.4352409   4884.9267277   1586.3356523   2679.2416617
    1690.000   -5576.3316276   4894.3413571   1586.3850482   2695.1052659
    1700.000   -5625.3218838   4903.7007315   1586.4335830   2710.9693598
    1710.000   -5674.4054602   4913.0054941   1586.4812763   2726.8339347
    1720.000   -5723.5818138   4922.2562769   1586.5281477   2742.6989825
    1730.000   -5772.8504079   4931.4537011   1586.5742157   2758.5644950
    1740.000   -5822.2107120   4940.5983771   1586.6194987   2774.4304642
    1750.000   -5871.6622016   4949.6909052   1586.6640143   2790.2968824
    1760.000   -5921.2043582   4958.7318752   1586.7077797   2806.1637420
    1770.000   -5970.8366692   4967.7218671   1586.7508117   2822.0310356
    1780.000   -6020.5586276   4976.6614514   1586.7931265   2837.8987559
    1790.000   -6070.3697321   4985.5511887   1586.8347399   2853.7668958
    1800.000   -6120.2694870   4994.3916308   1586.8756674   2869.6354484
    1810.000   -6170.2574022   5003.1833199   1586.9159238   2885.5044069
    1820.000   -6220.3329927   5011.9267898   1586.9555237   2901.3737647
    1830.000   -6270.4957790   5020.6225651   1586.9944814   2917.2435152
    1840.000   -6320.7452867   5029.2711625   1587.0328106   2933.1136522
    1850.000   -6371.0810467   5037.8730898   1587.0705247   2948.9841694
    1860.000   -6421.5025946   5046.4288469   1587.1076367   2964.8550607
    1870.000   -6472.0094713   5054.9389259   1587.1441595   2980.7263202
    1880.000   -6522.6012225   5063.4038109   1587.1801054   2996.5979420
    1890.000   -6573.2773985   5071.8239783   1587.2154865   3012.4699204
    1900.000   -6624.0375546   5080.1998971   1587.2503144   3028.3422498
    1910.000   -6674.8812505   5088.5320290   1587.2846007   3044.2149249
    1920.000   -6725.8080507   5096.8208285   1587.3183566   3060.0879401
    1930.000   -6776.8175241   5105.0667432   1587.3515928   3075.9612903
    1940.000   -6827.9092441   5113.2702136   1587.3843199   3091.8349702
    1950.000   -6879.0827884   5121.4316735   1587.4165484   3107.7089750
    1960.000   -6930.3377389   5129.5515503   1587.4482883   3123.5832996
    1970.000   -6981.6736822   5137.6302646   1587.4795493   3139.4579392
    1980.000   -7033.0902084   5145.6682310   1587.5103410   3155.3328890
    1990.000   -7084.5869123   5153.6658577   1587.5406728   3171.2081445
    2000.000   -7136.1633924   5161.6235467   1587.5705538   3187.0837010
