       0.000     111.0980359      0.0000000      0.0000000    111.0980359
      10.000     111.0950136      1.0213489      2.5959190    111.1052271
      20.000     111.0615112      6.9888801     20.9969967    111.2012888
      30.000     110.9168665     24.4271739     75.9659453    111.6496817
      40.000     110.5171797     58.3632267    169.3584852    112.8517088
      50.000     109.6971108    107.9278912    279.9081925    115.0935053
      60.000     108.3214759    168.6387669    387.8135016    118.4398019
      70.000     106.3030302    235.7829882    483.3757803    122.8078394
      80.000     103.5965044    305.7620326    564.0879169    128.0574670
      90.000     100.1864192    376.1828626    630.8170363    134.0428769
     100.000      96.0763429    445.5754374    685.5719853    140.6338867
     110.000      91.2811994    513.0943439    730.4962322    147.7215772
     120.000      85.8222154    578.2934930    767.4960771    155.2174345
     130.000      79.7237408    640.9741096    798.1482210    163.0503751
     140.000      73.0113018    701.0869678    823.7150204    171.1634773
     150.000      65.7104366    758.6708883    845.1930435    179.5110698
     160.000      57.8460213    813.8144795    863.3654715    188.0563380
     170.000      49.4419001    866.6325168    878.8482081    196.7694279
     180.000      40.5207015    917.2514804    892.1273563    205.6259680
     190.000      31.1037690    965.8008156    903.5885884    214.6059239
     200.000      21.2111592   1012.4077685    913.5397712    223.6927129
     210.000      10.8616804   1057.1944534    922.2282726    232.8725156
     220.000       0.0729521   1100.2763109    929.8541799    242.1337405
     230.000     -11.1385242   1141.7614249    936.5804132    251.4666035
     240.000     -22.7572900   1181.7503645    942.5404935    260.8627975
     250.000     -34.7688557   1220.3363376    947.8445387    270.3152287
     260.000     -47.1596282   1257.6055227    952.5839163    279.8178077
     270.000     -59.9168428   1293.6374930    956.8348778    289.3652803
     280.000     -73.0284994   1328.5056822    960.6614127    298.9530916
     290.000     -86.4833036   1362.2778562    964.1175047    308.5772747
     300.000    -100.2706122   1395.0165748    967.2489264    318.2343602
     310.000    -114.3803834   1426.7796290    970.0946741    327.9213016
     320.000    -128.8031311   1457.6204511    972.6881229    337.6354132
     330.000    -143.5298835   1487.5884929    975.0579612    347.3743191
     340.000    -158.5521448   1516.7295729    977.2289506    357.1359100
     350.000    -173.8618605   1545.0861931    979.2225478    366.9183071
     360.000    -189.4513857   1572.6978272    981.0574153    376.7198321
     370.000    -205.3134564   1599.6011817    982.7498434    386.5389809
     380.000    -221.4411626   1625.8304329    984.3141002    396.3744019
     390.000    -237.8279245   1651.4174411    985.7627234    406.2248776
     400.000    -254.4674699   1676.3919446    987.1067641    416.0893079
     410.000    -271.3538145   1700.7817352    988.3559925    425.9666969
     420.000    -288.4812425   1724.6128171    989.5190706    435.8561407
     430.000    -305.8442898   1747.9095507    990.6036989    445.7568170
     440.000    -323.4377286   1770.6947836    991.6167408    455.6679761
     450.000    -341.2565522   1792.9899685    992.5643292    465.5889337
     460.000    -359.2959619   1814.8152713    993.4519571    475.5190629
     470.000    -377.5513547   1836.1896683    994.2845558    485.4577894
     480.000    -396.0183119   1857.1310361    995.0665624    495.4045854
     490.000    -414.6925883   1877.6562320    995.8019771    505.3589654
     500.000    -433.5701024   1897.7811684    996.4944144    515.3204818
     510.000    -452.6469277   1917.5208805    997.1471461    525.2887214
     520.000    -471.9192835   1936.8895879    997.7631399    535.2633023
     530.000    -491.3835277   1955.9007517    998.3450920    545.2438707
     540.000    -511.0361493   1974.5671261    998.8954569    555.2300988
     550.000    -530.8737613   1992.9008061    999.4164723    565.2216821
     560.000    -550.8930947   2010.9132715    999.9101820    575.2183373
     570.000    -571.0909924   2028.6154269   1000.3784554    585.2198009
     580.000    -591.4644035   2046.0176394   1000.8230052    595.2258273
     590.000    -612.0103783   2063.1297721   1001.2454026    605.2361872
     600.000    -632.7260634   2079.9612162   1001.6470914    615.2506664
     610.000    -653.6086969   2096.5209202   1002.0293999    625.2690644
     620.000    -674.6556045   2112.8174166   1002.3935518    635.2911938
     630.000    -695.8641951   2128.8588473   1002.7406760    645.3168787
     640.000    -717.2319572   2144.6529863   1003.0718152    655.3459541
     650.000    -738.7564553   2160.2072619   1003.3879338    665.3782650
     660.000    -760.4353266   2175.5287761   1003.6899246    675.4136657
     670.000    -782.2662776   2190.6243235   1003.9786152    685.4520191
     680.000    -804.2470815   2205.5004084   1004.2547738    695.4931962
     690.000    -826.3755750   2220.1632612   1004.5191136    705.5370752
     700.000    -848.6496559   2234.6188532   1004.7722984    715.5835413
     710.000    -871.0672803   2248.8729104   1005.0149457    725.6324861
     720.000    -893.6264607   2262.9309273   1005.2476313    735.6838070
     730.000    -916.3252630   2276.7981785   1005.4708920    745.7374073
     740.000    -939.1618053   2290.4797302   1005.6852292    755.7931951
     750.000    -962.1342549   2303.9804514   1005.8911112    765.8510837
     760.000    -985.2408271   2317.3050234   1006.0889763    775.9109906
     770.000   -1008.4797832   2330.4579494   1006.2792347    785.9728379
     780.000   -1031.8494284   2343.4435637   1006.4622707    796.0365513
     790.000   -1055.3481107   2356.2660394   1006.6384447    806.1020604
     800.000   -1078.9742188   2368.9293966   1006.8080949    816.1692984
     810.000   -1102.7261812   2381.4375096   1006.9715391    826.2382016
     820.000   -1126.6024640   2393.7941140   1007.1290758    836.3087095
     830.000   -1150.6015704   2406.0028130   1007.2809859    846.3807644
     840.000   -1174.7220389   2418.0670836   1007.4275338    856.4543113
     850.000   -1198.9624419   2429.9902822   1007.5689687    866.5292980
     860.000   -1223.3213851   2441.7756506   1007.7055253    876.6056745
     870.000   -1247.7975059   2453.4263206   1007.8374252    886.6833930
     880.000   -1272.3894726   2464.9453190   1007.9648773    896.7624081
     890.000   -1297.0959832   2476.3355725   1008.0880792    906.8426764
     900.000   -1321.9157644   2487.5999117   1008.2072176    916.9241562
     910.000   -1346.8475708   2498.7410754   1008.3224691    927.0068078
     920.000   -1371.8901841   2509.7617144   1008.4340006    937.0905932
     930.000   -1397.0424119   2520.6643955   1008.5419704    947.1754759
     940.000   -1422.3030871   2531.4516046   1008.6465283    957.2614212
     950.000   -1447.6710671   2542.1257502   1008.7478165    967.3483956
     960.000   -1473.1452331   2552.6891668   1008.8459698    977.4363671
     970.000   -1498.7244889   2563.1441174   1008.9411160    987.5253050
     980.000   -1524.4077612   2573.4927969   1009.0333766    997.6151798
     990.000   -1550.1939977   2583.7373343   1009.1228670   1007.7059633
    1000.000   -1576.0821676   2593.8797959   1009.2096970   1017.7976282
    1010.000   -1602.0712601   2603.9221869   1009.2939708   1027.8901487
    1020.000   -1628.1602843   2613.8664547   1009.3757877   1037.9834995
    1030.000   -1654.3482684   2623.7144903   1009.4552421   1048.0776566
    1040.000   -1680.6342594   2633.4681309   1009.5324242   1058.1725967
    1050.000   -1707.0173224   2643.1291620   1009.6074196   1068.2682978
    1060.000   -1733.4965398   2652.6993188   1009.6803101   1078.3647381
    1070.000   -1760.0710114   2662.1802884   1009.7511737   1088.4618972
    1080.000   -1786.7398537   2671.5737119   1009.8200847   1098.5597551
    1090.000   -1813.5021992   2680.8811851   1009.8871142   1108.6582926
    1100.000   -1840.3571961   2690.1042613   1009.9523301   1118.7574913
    1110.000   -1867.3040081   2699.2444518   1010.0157970   1128.8573334
    1120.000   -1894.3418138   2708.3032280   1010.0775770   1138.9578016
    1130.000   -1921.4698061   2717.2820226   1010.1377292   1149.0588795
    1140.000   -1948.6871923   2726.1822309   1010.1963104   1159.1605510
    1150.000   -1975.9931933   2735.0052121   1010.2533746   1169.2628007
    1160.000   -2003.3870435   2743.7522906   1010.3089738   1179.3656136
    1170.000   -2030.8679904   2752.4247571   1010.3631576   1189.4689754
    1180.000   -2058.4352941   2761.0238698   1010.4159738   1199.5728722
    1190.000   -2086.0882274   2769.5508553   1010.4674677   1209.6772905
    1200.000   -2113.8260748   2778.0069101   1010.5176834   1219.7822173
    1210.000   -2141.6481330   2786.3932009   1010.5666625   1229.8876400
    1220.000   -2169.5537101   2794.7108661   1010.6144455   1239.9935466
    1230.000   -2197.5421253   2802.9610166   1010.6610708   1250.0999251
    1240.000   -2225.6127090   2811.1447365   1010.7065756   1260.2067642
    1250.000   -2253.7648021   2819.2630841   1010.7509955   1270.3140530
    1260.000   -2281.9977562   2827.3170927   1010.7943647   1280.4217806
    1270.000   -2310.3109329   2835.3077715   1010.8367159   1290.5299369
    1280.000   -2338.7037038   2843.2361059   1010.8780809   1300.6385117
    1290.000   -2367.1754504   2851.1030587   1010.9184900   1310.7474953
    1300.000   -2395.7255635   2858.9095707   1010.9579723   1320.8568784
    1310.000   -2424.3534434   2866.6565612   1010.9965561   1330.9666518
    1320.000   -2453.0584993   2874.3449287   1011.0342682   1341.0768066
    1330.000   -2481.8401495   2881.9755517   1011.0711349   1351.1873343
    1340.000   -2510.6978208   2889.5492890   1011.1071811   1361.2982266
    1350.000   -2539.6309485   2897.0669806   1011.1424311   1371.4094753
    1360.000   -2568.6389763   2904.5294477   1011.1769080   1381.5210726
    1370.000   -2597.7213560   2911.9374941   1011.2106343   1391.6330109
    1380.000   -2626.8775474   2919.2919060   1011.2436317   1401.7452829
    1390.000   -2656.1070179   2926.5934526   1011.2759209   1411.8578812
    1400.000   -2685.4092427   2933.8428870   1011.3075221   1421.9707990
    1410.000   -2714.7837044   2941.0409460   1011.3384547   1432.0840294
    1420.000   -2744.2298928   2948.1883512   1011.3687373   1442.1975659
    1430.000   -2773.7473050   2955.2858091   1011.3983882   1452.3114021
    1440.000   -2803.3354448   2962.3340114   1011.4274247   1462.4255316
    1450.000   -2832.9938233   2969.3336357   1011.4558636   1472.5399486
    1460.000   -2862.7219578   2976.2853457   1011.4837213   1482.6546470
    1470.000   -2892.5193726   2983.1897917   1011.5110134   1492.7696211
    1480.000   -2922.3855982   2990.0476106   1011.5377552   1502.8848654
    1490.000   -2952.3201715   2996.8594268   1011.5639614   1513.0003744
    1500.000   -2982.3226355   3003.6258522   1011.5896461   1523.1161429
    1510.000   -3012.3925392   3010.3474867   1011.6148232   1533.2321657
    1520.000   -3042.5294379   3017.0249181   1011.6395058   1543.3484377
    1530.000   -3072.7328922   3023.6587231   1011.6637069   1553.4649542
    1540.000   -3103.0024688   3030.2494669   1011.6874388   1563.5817103
    1550.000   -3133.3377398   3036.7977040   1011.7107137   1573.6987014
    1560.000   -3163.7382830   3043.3039782   1011.7335431   1583.8159231
    1570.000   -3194.2036813   3049.7688230   1011.7559384   1593.9333708
    1580.000   -3224.7335231   3056.1927617   1011.7779105   1604.0510404
    1590.000   -3255.3274019   3062.5763079   1011.7994701   1614.1689277
    1600.000   -3285.9849163   3068.9199655   1011.8206272   1624.2870285
    1610.000   -3316.7056699   3075.2242291   1011.8413920   1634.4053389
    1620.000   -3347.4892712   3081.4895841   1011.8617740   1644.5238550
    1630.000   -3378.3353335   3087.7165071   1011.8817827   1654.6425731
    1640.000   -3409.2434748   3093.9054660   1011.9014269   1664.7614895
    1650.000   -3440.2133178   3100.0569202   1011.9207156   1674.8806005
    1660.000   -3471.2444897   3106.1713207   1011.9396573   1684.9999026
    1670.000   -3502.3366222   3112.2491106   1011.9582602   1695.1193925
    1680.000   -3533.4893513   3118.2907250   1011.9765324   1705.2390667
    1690.000   -3564.7023175   3124.2965915   1011.9944816   1715.3589221
    1700.000   -3595.9751654   3130.2671298   1012.0121155   1725.4789553
    1710.000   -3627.3075437   3136.2027527   1012.0294413   1735.5991634
    1720.000   -3658.6991054   3142.1038654   1012.0464663   1745.7195431
    1730.000   -3690.1495073   3147.9708665   1012.0631972   1755.8400917
    1740.000   -3721.6584103   3153.8041474   1012.0796409   1765.9608061
    1750.000   -3753.2254791   3159.6040930   1012.0958039   1776.0816836
    1760.000   -3784.8503823   3165.3710816   1012.1116925   1786.2027213
    1770.000   -3816.5327922   3171.1054851   1012.1273129   1796.3239165
    1780.000   -3848.2723846   3176.8076693   1012.1426711   1806.4452667
    1790.000   -3880.0688393   3182.4779936   1012.1577730   1816.5667691
    1800.000   -3911.9218395   3188.1168115   1012.1726242   1826.6884213
    1810.000   -3943.8310717   3193.7244710   1012.1872302   1836.8102208
    1820.000   -3975.7962262   3199.3013139   1012.2015964   1846.9321651
    1830.000   -4007.8169964   3204.8476767   1012.2157280   1857.0542519
    1840.000   -4039.8930792   3210.3638903   1012.2296302   1867.1764789
    1850.000   -4072.0241748   3215.8502803   1012.2433077   1877.2988438
    1860.000   -4104.2099865   3221.3071671   1012.2567655   1887.4213443
    1870.000   -4136.4502208   3226.7348659   1012.2700082   1897.5439784
    1880.000   -4168.7445875   3232.1336869   1012.2830405   1907.6667438
    1890.000   -4201.0927993   3237.5039354   1012.2958666   1917.7896385
    1900.000   -4233.4945720   3242.8459118   1012.3084910   1927.9126605
    1910.000   -4265.9496243   3248.1599120   1012.3209178   1938.0358077
    1920.000   -4298.4576780   3253.4462271   1012.3331511   1948.1590782
    1930.000   -4331.0184575   3258.7051438   1012.3451950   1958.2824700
    1940.000   -4363.6316904   3263.9369443   1012.3570534   1968.4059814
    1950.000   -4396.2971070   3269.1419064   1012.3687300   1978.5296105
    1960.000   -4429.0144400   3274.3203038   1012.3802284   1988.6533555
    1970.000   -4461.7834254   3279.4724060   1012.3915525   1998.7772145
    1980.000   -4494.6038014   3284.5984784   1012.4027055   2008.9011859
    1990.000   -4527.4753091   3289.6987825   1012.4136910   2019.0252681
    2000.000   -4560.3976920   3294.7735756   1012.4245123   2029.1494592
