       0.000     152.0632166      0.0000000      0.0000000    152.0632166
      10.000     152.0617424      0.5969362      1.8430088    152.0677118
      20.000     152.0363832      5.9390469     21.5468396    152.1551641
      30.000     151.8930913     26.0988030     92.5630501    152.6760554
      40.000     151.4394395     68.4038957    213.4768886    154.1755953
      50.000     150.4562504    131.2082020    355.9681844    157.0166605
      60.000     148.7665154    208.6484361    496.0284206    161.2854216
      70.000     146.2545574    294.7568236    621.4636647    166.8875351
      80.000     142.8579609    384.9411861    728.6024569    173.6532558
      90.000     138.5526573    476.0868824    818.0577684    181.4004767
     100.000     133.3396440    566.2326095    892.0693239    189.9629050
     110.000     127.2352714    654.2154988    953.2068533    199.1989763
     120.000     120.2647157    739.3946553   1003.8414422    208.9920743
     130.000     112.4577810    821.4596324   1045.9818667    219.2475332
     140.000     103.8462704    900.3044180   1081.2645099    229.8888889
     150.000      94.4623760    975.9465418   1110.9983357    240.8543573
     160.000      84.3377200   1048.4757994   1136.2227260    252.0938479
     170.000      73.5028056   1118.0220044   1157.7618895    263.5665464
     180.000      61.9867252   1184.7348566   1176.2707763    275.2389994
     190.000      49.8170291   1248.7715010   1192.2719649    287.0836143
     200.000      37.0196919   1310.2889692   1206.1845932    299.0774858
     210.000      23.6191380   1369.4397163   1218.3467932    311.2014784
     220.000       9.6383011   1426.3691187   1229.0330124    323.4395072
     230.000      -4.9012976   1481.2142083   1238.4673849    335.7779703
     240.000     -19.9794636   1534.1031798   1246.8340754    348.2052995
     250.000     -35.5772396   1585.1553708   1254.2853123    360.7116031
     260.000     -51.6768185   1634.4815266   1260.9476559    373.2883784
     270.000     -68.2614594   1682.1842244   1266.9269136    385.9282811
     280.000     -85.3154086   1728.3583798   1272.3120173    398.6249377
     290.000    -102.8238253   1773.0917860   1277.1780981    411.3727927
     300.000    -120.7727132   1816.4656549   1281.5889390    424.1669832
     310.000    -139.1488577   1858.5551416   1285.5989419    437.0032362
     320.000    -157.9397673   1899.4298418   1289.2547143    449.8777820
     330.000    -177.1336208   1939.1542568   1292.5963557    462.7872840
     340.000    -196.7192181   1977.7882240   1295.6585064    475.7287780
     350.000    -216.6859361   2015.3873118   1298.4712057    488.6996230
     360.000    -237.0236874   2052.0031820   1301.0605998    501.6974582
     370.000    -257.7228830   2087.6839192   1303.4495258    514.7201671
     380.000    -278.7743983   2122.4743309   1305.6579980    527.7658474
     390.000    -300.1695415   2156.4162204   1307.7036125    540.8327844
     400.000    -321.9000248   2189.5486338   1309.6018875    553.9194287
     410.000    -343.9579379   2221.9080851   1311.3665482    567.0243770
     420.000    -366.3357241   2253.5287599   1313.0097687    580.1463551
     430.000    -389.0261575   2284.4427007   1314.5423758    593.2842038
     440.000    -412.0223228   2314.6799748   1315.9740232    606.4368661
     450.000    -435.3175958   2344.2688275   1317.3133399    619.6033766
     460.000    -458.9056266   2373.2358210   1318.5680570    632.7828510
     470.000    -482.7803229   2401.6059613   1319.7451176    645.9744789
     480.000    -506.9358351   2429.4028135   1320.8507699    659.1775154
     490.000    -531.3665424   2456.6486073   1321.8906493    672.3912751
     500.000    -556.0670404   2483.3643333   1322.8698484    685.6151262
     510.000    -581.0321285   2509.5698308   1323.7929784    698.8484853
     520.000    -606.2567990   2535.2838689   1324.6642227    712.0908129
     530.000    -631.7362270   2560.5242197   1325.4873828    725.3416095
     540.000    -657.4657606   2585.3077267   1326.2659202    738.6004118
     550.000    -683.4409121   2609.6503668   1327.0029910    751.8667897
     560.000    -709.6573491   2633.5673073   1327.7014785    765.1403430
     570.000    -736.1108873   2657.0729592   1328.3640205    778.4206995
     580.000    -762.7974830   2680.1810254   1328.9930337    791.7075117
     590.000    -789.7132261   2702.9045455   1329.5907359    805.0004558
     600.000    -816.8543336   2725.2559374   1330.1591650    818.2992289
     610.000    -844.2171439   2747.2470355   1330.7001962    831.6035478
     620.000    -871.7981110   2768.8891262   1331.2155576    844.9131472
     630.000    -899.5937990   2790.1929805   1331.7068431    858.2277787
     640.000    -927.6008775   2811.1688848   1332.1755256    871.5472088
     650.000    -955.8161164   2831.8266689   1332.6229670    884.8712184
     660.000    -984.2363818   2852.1757324   1333.0504286    898.1996015
     670.000   -1012.8586320   2872.2250690   1333.4590796    911.5321643
     680.000   -1041.6799129   2891.9832896   1333.8500051    924.8687240
     690.000   -1070.6973549   2911.4586429   1334.2242134    938.2091087
     700.000   -1099.9081692   2930.6590356   1334.5826420    951.5531557
     710.000   -1129.3096444   2949.5920510   1334.9261639    964.9007118
     720.000   -1158.8991433   2968.2649657   1335.2555928    978.2516320
     730.000   -1188.6741000   2986.6847661   1335.5716875    991.6057792
     740.000   -1218.6320173   3004.8581635   1335.8751567   1004.9630237
     750.000   -1248.7704635   3022.7916080   1336.1666626   1018.3232425
     760.000   -1279.0870703   3040.4913019   1336.4468246   1031.6863191
     770.000   -1309.5795303   3057.9632122   1336.7162228   1045.0521431
     780.000   -1340.2455944   3075.2130820   1336.9754006   1058.4206095
     790.000   -1371.0830702   3092.2464418   1337.2248676   1071.7916188
     800.000   -1402.0898194   3109.0686193   1337.4651021   1085.1650761
     810.000   -1433.2637558   3125.6847498   1337.6965535   1098.5408915
     820.000   -1464.6028440   3142.0997846   1337.9196439   1111.9189793
     830.000   -1496.1050971   3158.3185000   1338.1347707   1125.2992579
     840.000   -1527.7685750   3174.3455053   1338.3423079   1138.6816494
     850.000   -1559.5913830   3190.1852505   1338.5426078   1152.0660799
     860.000   -1591.5716702   3205.8420334   1338.7360025   1165.4524786
     870.000   -1623.7076277   3221.3200065   1338.9228054   1178.8407780
     880.000   -1655.9974877   3236.6231834   1339.1033123   1192.2309137
     890.000   -1688.4395217   3251.7554448   1339.2778025   1205.6228242
     900.000   -1721.0320394   3266.7205444   1339.4465402   1219.0164506
     910.000   -1753.7733875   3281.5221144   1339.6097752   1232.4117366
     920.000   -1786.6619483   3296.1636705   1339.7677438   1245.8086285
     930.000   -1819.6961389   3310.6486167   1339.9206698   1259.2070747
     940.000   -1852.8744096   3324.9802504   1340.0687655   1272.6070258
     950.000   -1886.1952435   3339.1617664   1340.2122318   1286.0084346
     960.000   -1919.6571549   3353.1962610   1340.3512594   1299.4112557
     970.000   -1953.2586886   3367.0867363   1340.4860295   1312.8154456
     980.000   -1986.9984192   3380.8361040   1340.6167138   1326.2209626
     990.000   -2020.8749498   3394.4471885   1340.7434758   1339.6277668
    1000.000   -2054.8869112   3407.9227308   1340.8664705   1353.0358196
    1010.000   -2089.0329615   3421.2653917   1340.9858458   1366.4450841
    1020.000   -2123.3117847   3434.4777546   1341.1017421   1379.8555249
    1030.000   -2157.7220906   3447.5623286   1341.2142930   1393.2671078
    1040.000   -2192.2626135   3460.5215515   1341.3236262   1406.6798000
    1050.000   -2226.9321117   3473.3577921   1341.4298628   1420.0935700
    1060.000   -2261.7293671   3486.0733532   1341.5331186   1433.5083874
    1070.000   -2296.6531840   3498.6704736   1341.6335041   1446.9242228
    1080.000   -2331.7023890   3511.1513308   1341.7311244   1460.3410482
    1090.000   -2366.8758301   3523.5180427   1341.8260802   1473.7588364
    1100.000   -2402.1723762   3535.7726705   1341.9184675   1487.1775613
    1110.000   -2437.5909166   3547.9172199   1342.0083780   1500.5971975
    1120.000   -2473.1303602   3559.9536438   1342.0958993   1514.0177209
    1130.000   -2508.7896354   3571.8838436   1342.1811154   1527.4391078
    1140.000   -2544.5676892   3583.7096710   1342.2641063   1540.8613358
    1150.000   -2580.4634869   3595.4329302   1342.3449488   1554.2843828
    1160.000   -2616.4760118   3607.0553790   1342.4237164   1567.7082278
    1170.000   -2652.6042642   3618.5787305   1342.5004795   1581.1328504
    1180.000   -2688.8472616   3630.0046547   1342.5753053   1594.5582310
    1190.000   -2725.2040380   3641.3347801   1342.6482586   1607.9843503
    1200.000   -2761.6736432   3652.5706944   1342.7194012   1621.4111901
    1210.000   -2798.2551430   3663.7139467   1342.7887925   1634.8387325
    1220.000   -2834.9476183   3674.7660480   1342.8564895   1648.2669603
    1230.000   -2871.7501650   3685.7284730   1342.9225468   1661.6958568
    1240.000   -2908.6618936   3696.6026609   1342.9870170   1675.1254059
    1250.000   -2945.6819288   3707.3900167   1343.0499505   1688.5555920
    1260.000   -2982.8094091   3718.0919120   1343.1113956   1701.9864000
    1270.000   -3020.0434867   3728.7096864   1343.1713989   1715.4178151
    1280.000   -3057.3833268   3739.2446485   1343.2300052   1728.8498233
    1290.000   -3094.8281078   3749.6980764   1343.2872574   1742.2824107
    1300.000   -3132.3770207   3760.0712191   1343.3431969   1755.7155641
    1310.000   -3170.0292687   3770.3652970   1343.3978636   1769.1492704
    1320.000   -3207.7840671   3780.5815033   1343.4512956   1782.5835172
    1330.000   -3245.6406431   3790.7210041   1343.5035300   1796.0182923
    1340.000   -3283.5982353   3800.7849397   1343.5546021   1809.4535840
    1350.000   -3321.6560937   3810.7744254   1343.6045462   1822.8893806
    1360.000   -3359.8134793   3820.6905518   1343.6533953   1836.3256712
    1370.000   -3398.0696638   3830.5343859   1343.7011811   1849.7624450
    1380.000   -3436.4239295   3840.3069717   1343.7479343   1863.1996914
    1390.000   -3474.8755691   3850.0093305   1343.7936843   1876.6374003
    1400.000   -3513.4238853   3859.6424623   1343.8384597   1890.0755619
    1410.000   -3552.0681909   3869.2073456   1343.8822878   1903.5141664
    1420.000   -3590.8078080   3878.7049384   1343.9251953   1916.9532045
    1430.000   -3629.6420685   3888.1361788   1343.9672078   1930.3926673
    1440.000   -3668.5703134   3897.5019856   1344.0083498   1943.8325458
    1450.000   -3707.5918931   3906.8032583   1344.0486454   1957.2728315
    1460.000   -3746.7061664   3916.0408783   1344.0881175   1970.7135160
    1470.000   -3785.9125013   3925.2157092   1344.1267884   1984.1545911
    1480.000   -3825.2102741   3934.3285968   1344.1646797   1997.5960491
    1490.000   -3864.5988695   3943.3803703   1344.2018121   2011.0378822
    1500.000   -3904.0776805   3952.3718423   1344.2382059   2024.4800829
    1510.000   -3943.6461080   3961.3038093   1344.2738803   2037.9226439
    1520.000   -3983.3035610   3970.1770521   1344.3088543   2051.3655582
    1530.000   -4023.0494559   3978.9923364   1344.3431461   2064.8088187
    1540.000   -4062.8832170   3987.7504129   1344.3767732   2078.2524189
    1550.000   -4102.8042759   3996.4520180   1344.4097528   2091.6963520
    1560.000   -4142.8120715   4005.0978740   1344.4421014   2105.1406118
    1570.000   -4182.9060499   4013.6886891   1344.4738349   2118.5851920
    1580.000   -4223.0856642   4022.2251587   1344.5049688   2132.0300865
    1590.000   -4263.3503742   4030.7079646   1344.5355182   2145.4752895
    1600.000   -4303.6996468   4039.1377761   1344.5654975   2158.9207950
    1610.000   -4344.1329553   4047.5152502   1344.5949209   2172.3665976
    1620.000   -4384.6497795   4055.8410316   1344.6238020   2185.8126916
    1630.000   -4425.2496057   4064.1157531   1344.6521541   2199.2590718
    1640.000   -4465.9319264   4072.3400362   1344.6799899   2212.7057330
    1650.000   -4506.6962404   4080.5144911   1344.7073220   2226.1526699
    1660.000   -4547.5420522   4088.6397168   1344.7341625   2239.5998778
    1670.000   -4588.4688726   4096.7163019   1344.7605229   2253.0473516
    1680.000   -4629.4762180   4104.7448242   1344.7864148   2266.4950867
    1690.000   -4670.5636107   4112.7258515   1344.8118491   2279.9430784
    1700.000   -4711.7305786   4120.6599416   1344.8368366   2293.3913222
    1710.000   -4752.9766549   4128.5476424   1344.8613877   2306.8398136
    1720.000   -4794.3013786   4136.3894925   1344.8855124   2320.2885485
    1730.000   -4835.7042937   4144.1860209   1344.9092206   2333.7375225
    1740.000   -4877.1849497   4151.9377478   1344.9325218   2347.1867316
    1750.000   -4918.7429010   4159.6451844   1344.9554252   2360.6361716
    1760.000   -4960.3777074   4167.3088330   1344.9779400   2374.0858388
    1770.000   -5002.0889334   4174.9291879   1345.0000747   2387.5357291
    1780.000   -5043.8761485   4182.5067345   1345.0218379   2400.9858390
    1790.000   -5085.7389270   4190.0419507   1345.0432380   2414.4361647
    1800.000   -5127.6768479   4197.5353059   1345.0642828   2427.8867026
    1810.000   -5169.6894951   4204.9872620   1345.0849802   2441.3374492
    1820.000   -5211.7764567   4212.3982735   1345.1053379   2454.7884011
    1830.000   -5253.9373256   4219.7687871   1345.1253632   2468.2395548
    1840.000   -5296.1716989   4227.0992425   1345.1450633   2481.6909072
    1850.000   -5338.4791783   4234.3900721   1345.1644452   2495.1424550
    1860.000   -5380.8593697   4241.6417015   1345.1835157   2508.5941951
    1870.000   -5423.3118831   4248.8545494   1345.2022815   2522.0461243
    1880.000   -5465.8363328   4256.0290279   1345.2207490   2535.4982397
    1890.000   -5508.4323371   4263.1655426   1345.2389245   2548.9505384
    1900.000   -5551.0995184   4270.2644925   1345.2568141   2562.4030173
    1910.000   -5593.8375030   4277.3262705   1345.2744239   2575.8556737
    1920.000   -5636.6459212   4284.3512636   1345.2917595   2589.3085048
    1930.000   -5679.5244070   4291.3398523   1345.3088266   2602.7615080
    1940.000   -5722.4725982   4298.2924117   1345.3256308   2616.2146805
    1950.000   -5765.4901363   4305.2093108   1345.3421775   2629.6680198
    1960.000   -5808.5766667   4312.0909132   1345.3584718   2643.1215232
    1970.000   -5851.7318381   4318.9375769   1345.3745189   2656.5751884
    1980.000   -5894.9553030   4325.7496544   1345.3903238   2670.0290128
    1990.000   -5938.2467171   4332.5274930   1345.4058912   2683.4829941
    2000.000   -5981.6057398   4339.2714348   1345.4212260   2696.9371298
