       0.000     133.7584288      0.0000000      0.0000000    133.7584288
      10.000     133.7559793      0.9012017      2.6235701    133.7649914
      20.000     133.7200348      7.9797029     25.3392703    133.8796288
      30.000     133.5531662     27.9449854     83.7458189    134.3915158
      40.000     133.1059549     64.2767677    178.0090409    135.6770256
      50.000     132.2167456    115.7638046    288.3686147    138.0049358
      60.000     130.7549823    177.9629971    395.6075878    141.4327622
      70.000     128.6373465    246.2455629    490.3153604    145.8745359
      80.000     125.8216535    317.0942433    570.1622378    151.1891930
      90.000     122.2947580    388.1841519    636.1057879    157.2313317
     100.000     118.0619571    458.0980971    690.1879888    163.8717668
     110.000     113.1394452    526.0299808    734.5564340    171.0027431
     120.000     107.5493812    591.5625393    771.1105924    178.5368859
     130.000     101.3167995    654.5182241    801.4183472    186.4041687
     140.000      94.4677265    714.8636961    826.7346369    194.5486440
     150.000      87.0280615    772.6499262    848.0505923    202.9255504
     160.000      79.0229344    827.9750166    866.1453913    211.4989370
     170.000      70.4763583    880.9612874    881.6315653    220.2397771
     180.000      61.4110630    931.7412775    894.9918031    229.1244930
     190.000      51.8484389    980.4493114    906.6078936    238.1338080
     200.000      41.8085455   1027.2165471    916.7831649    247.2518549
     210.000      31.3101590   1072.1682003    925.7597852    256.4654811
     220.000      20.3708397   1115.4221243    933.7320929    265.7637070
     230.000       9.0070084   1157.0882294    940.8568822    275.1373011
     240.000      -2.7659727   1197.2684122    947.2613602    284.5784462
     250.000     -14.9337213   1236.0567867    953.0493228    294.0804754
     260.000     -27.4827590   1273.5400854    958.3059632    303.6376632
     270.000     -40.4004396   1309.7981443    963.1016296    313.2450594
     280.000     -53.6748832   1344.9044227    967.4947708    322.8983551
     290.000     -67.2949147   1378.9265224    971.5342526    332.5937768
     300.000     -81.2500078   1411.9266895    975.2611878    342.3279990
     310.000     -95.5302338   1443.9622873    978.7103840    352.0980753
     320.000    -110.1262152   1475.0862356    981.9114959    361.9013802
     330.000    -125.0290830   1505.3474133    984.8899441    371.7355634
     340.000    -140.2304386   1534.7910261    987.6676514    381.5985103
     350.000    -155.7223182   1563.4589404    990.2636350    391.4883109
     360.000    -171.4971615   1591.3899840    992.6944846    401.4032328
     370.000    -187.5477821   1618.6202189    994.9747508    411.3416989
     380.000    -203.8673419   1645.1831859    997.1172610    421.3022688
     390.000    -220.4493260   1671.1101254    999.1333787    431.2836229
     400.000    -237.2875216   1696.4301762   1001.0332166    441.2845489
     410.000    -254.3759975   1721.1705545   1002.8258128    451.3039299
     420.000    -271.7090855   1745.3567150   1004.5192772    461.3407348
     430.000    -289.2813640   1769.0124963   1006.1209141    471.3940094
     440.000    -307.0876422   1792.1602527   1007.6373248    481.4628690
     450.000    -325.1229457   1814.8209724   1009.0744944    491.5464918
     460.000    -343.3825040   1837.0143849   1010.4378657    501.6441130
     470.000    -361.8617378   1858.7590585   1011.7324014    511.7550197
     480.000    -380.5562478   1880.0724887   1012.9626384    521.8785467
     490.000    -399.4618052   1900.9711780   1014.1327338    532.0140721
     500.000    -418.5743410   1921.4707093   1015.2465053    542.1610137
     510.000    -437.8899380   1941.5858121   1016.3074656    552.3188262
     520.000    -457.4048223   1961.3304233   1017.3188530    562.4869978
     530.000    -477.1153556   1980.7177426   1018.2836583    572.6650480
     540.000    -497.0180280   1999.7602832   1019.2046478    582.8525249
     550.000    -517.1094516   2018.4699183   1020.0843843    593.0490035
     560.000    -537.3863543   2036.8579239   1020.9252456    603.2540831
     570.000    -557.8455738   2054.9350175   1021.7294403    613.4673862
     580.000    -578.4840523   2072.7113945   1022.4990229    623.6885565
     590.000    -599.2988317   2090.1967616   1023.2359068    633.9172576
     600.000    -620.2870484   2107.4003667   1023.9418757    644.1531716
     610.000    -641.4459293   2124.3310277   1024.6185944    654.3959977
     620.000    -662.7727872   2140.9971587   1025.2676184    664.6454512
     630.000    -684.2650175   2157.4067938   1025.8904021    674.9012626
     640.000    -705.9200938   2173.5676095   1026.4883070    685.1631763
     650.000    -727.7355648   2189.4869459   1027.0626087    695.4309500
     660.000    -749.7090512   2205.1718257   1027.6145031    705.7043538
     670.000    -771.8382422   2220.6289722   1028.1451127    715.9831692
     680.000    -794.1208930   2235.8648259   1028.6554916    726.2671886
     690.000    -816.5548217   2250.8855602   1029.1466305    736.5562149
     700.000    -839.1379069   2265.6970959   1029.6194612    746.8500602
     710.000    -861.8680853   2280.3051144   1030.0748608    757.1485460
     720.000    -884.7433490   2294.7150710   1030.5136555    767.4515021
     730.000    -907.7617440   2308.9322059   1030.9366240    777.7587664
     740.000    -930.9213672   2322.9615560   1031.3445006    788.0701843
     750.000    -954.2203653   2336.8079649   1031.7379783    798.3856084
     760.000    -977.6569323   2350.4760925   1032.1177117    808.7048980
     770.000   -1001.2293078   2363.9704243   1032.4843190    819.0279189
     780.000   -1024.9357758   2377.2952800   1032.8383850    829.3545426
     790.000   -1048.7746624   2390.4548215   1033.1804627    839.6846466
     800.000   -1072.7443346   2403.4530603   1033.5110755    850.0181136
     810.000   -1096.8431989   2416.2938647   1033.8307193    860.3548315
     820.000   -1121.0696996   2428.9809666   1034.1398637    870.6946930
     830.000   -1145.4223179   2441.5179677   1034.4389540    881.0375953
     840.000   -1169.8995702   2453.9083455   1034.7284126    891.3834400
     850.000   -1194.5000072   2466.1554589   1035.0086403    901.7321328
     860.000   -1219.2222127   2478.2625535   1035.2800177    912.0835833
     870.000   -1244.0648020   2490.2327666   1035.5429064    922.4377049
     880.000   -1269.0264218   2502.0691320   1035.7976497    932.7944143
     890.000   -1294.1057483   2513.7745844   1036.0445746    943.1536318
     900.000   -1319.3014866   2525.3519638   1036.2839915    953.5152808
     910.000   -1344.6123699   2536.8040192   1036.5161963    963.8792876
     920.000   -1370.0371582   2548.1334127   1036.7414704    974.2455816
     930.000   -1395.5746378   2559.3427233   1036.9600822    984.6140948
     940.000   -1421.2236207   2570.4344495   1037.1722869    994.9847619
     950.000   -1446.9829430   2581.4110136   1037.3783284   1005.3575200
     960.000   -1472.8514649   2592.2747641   1037.5784388   1015.7323087
     970.000   -1498.8280698   2603.0279789   1037.7728399   1026.1090697
     980.000   -1524.9116634   2613.6728679   1037.9617431   1036.4877471
     990.000   -1551.1011732   2624.2115759   1038.1453505   1046.8682869
    1000.000   -1577.3955479   2634.6461851   1038.3238550   1057.2506371
    1010.000   -1603.7937567   2644.9787172   1038.4974410   1067.6347476
    1020.000   -1630.2947886   2655.2111360   1038.6662847   1078.0205702
    1030.000   -1656.8976521   2665.3453497   1038.8305547   1088.4080581
    1040.000   -1683.6013744   2675.3832124   1038.9904122   1098.7971665
    1050.000   -1710.4050012   2685.3265270   1039.1460114   1109.1878521
    1060.000   -1737.3075956   2695.1770459   1039.2975001   1119.5800731
    1070.000   -1764.3082384   2704.9364742   1039.4450197   1129.9737889
    1080.000   -1791.4060270   2714.6064701   1039.5887057   1140.3689607
    1090.000   -1818.6000751   2724.1886475   1039.7286879   1150.7655507
    1100.000   -1845.8895125   2733.6845773   1039.8650907   1161.1635225
    1110.000   -1873.2734843   2743.0957885   1039.9980336   1171.5628410
    1120.000   -1900.7511508   2752.4237704   1040.1276310   1181.9634720
    1130.000   -1928.3216871   2761.6699734   1040.2539927   1192.3653828
    1140.000   -1955.9842824   2770.8358104   1040.3772242   1202.7685414
    1150.000   -1983.7381400   2779.9226584   1040.4974266   1213.1729172
    1160.000   -2011.5824768   2788.9318595   1040.6146972   1223.5784802
    1170.000   -2039.5165227   2797.8647217   1040.7291294   1233.9852017
    1180.000   -2067.5395210   2806.7225209   1040.8408130   1244.3930536
    1190.000   -2095.6507271   2815.5065010   1040.9498341   1254.8020091
    1200.000   -2123.8494090   2824.2178756   1041.0562758   1265.2120417
    1210.000   -2152.1348465   2832.8578287   1041.1602178   1275.6231262
    1220.000   -2180.5063313   2841.4275159   1041.2617369   1286.0352380
    1230.000   -2208.9631664   2849.9280647   1041.3609070   1296.4483531
    1240.000   -2237.5046659   2858.3605761   1041.4577991   1306.8624485
    1250.000   -2266.1301547   2866.7261252   1041.5524817   1317.2775018
    1260.000   -2294.8389686   2875.0257617   1041.6450208   1327.6934910
    1270.000   -2323.6304537   2883.2605110   1041.7354799   1338.1103952
    1280.000   -2352.5039659   2891.4313749   1041.8239201   1348.5281939
    1290.000   -2381.4588715   2899.5393322   1041.9104006   1358.9468671
    1300.000   -2410.4945461   2907.5853397   1041.9949781   1369.3663956
    1310.000   -2439.6103749   2915.5703324   1042.0777076   1379.7867605
    1320.000   -2468.8057524   2923.4952243   1042.1586418   1390.2079437
    1330.000   -2498.0800820   2931.3609094   1042.2378320   1400.6299275
    1340.000   -2527.4327761   2939.1682618   1042.3153274   1411.0526947
    1350.000   -2556.8632557   2946.9181365   1042.3911754   1421.4762286
    1360.000   -2586.3709501   2954.6113698   1042.4654221   1431.9005129
    1370.000   -2615.9552970   2962.2487802   1042.5381117   1442.3255318
    1380.000   -2645.6157423   2969.8311684   1042.6092871   1452.7512701
    1390.000   -2675.3517396   2977.3593182   1042.6789897   1463.1777127
    1400.000   -2705.1627504   2984.8339968   1042.7472595   1473.6048451
    1410.000   -2735.0482438   2992.2559553   1042.8141350   1484.0326532
    1420.000   -2765.0076962   2999.6259292   1042.8796538   1494.4611233
    1430.000   -2795.0405915   3006.9446387   1042.9438519   1504.8902419
    1440.000   -2825.1464205   3014.2127892   1043.0067643   1515.3199960
    1450.000   -2855.3246810   3021.4310718   1043.0684248   1525.7503730
    1460.000   -2885.5748779   3028.6001633   1043.1288660   1536.1813605
    1470.000   -2915.8965225   3035.7207272   1043.1881198   1546.6129464
    1480.000   -2946.2891329   3042.7934134   1043.2462167   1557.0451190
    1490.000   -2976.7522333   3049.8188593   1043.3031864   1567.4778670
    1500.000   -3007.2853547   3056.7976892   1043.3590576   1577.9111791
    1510.000   -3037.8880338   3063.7305154   1043.4138583   1588.3450445
    1520.000   -3068.5598136   3070.6179384   1043.4676152   1598.7794528
    1530.000   -3099.3002432   3077.4605468   1043.5203547   1609.2143934
    1540.000   -3130.1088771   3084.2589180   1043.5721020   1619.6498565
    1550.000   -3160.9852760   3091.0136182   1043.6228816   1630.0858323
    1560.000   -3191.9290058   3097.7252031   1043.6727174   1640.5223110
    1570.000   -3222.9396381   3104.3942176   1043.7216324   1650.9592835
    1580.000   -3254.0167500   3111.0211966   1043.7696490   1661.3967407
    1590.000   -3285.1599237   3117.6066650   1043.8167889   1671.8346736
    1600.000   -3316.3687466   3124.1511377   1043.8630732   1682.2730736
    1610.000   -3347.6428115   3130.6551203   1043.9085223   1692.7119323
    1620.000   -3378.9817157   3137.1191093   1043.9531561   1703.1512413
    1630.000   -3410.3850620   3143.5435919   1043.9969937   1713.5909927
    1640.000   -3441.8524575   3149.9290464   1044.0400540   1724.0311786
    1650.000   -3473.3835144   3156.2759428   1044.0823550   1734.4717913
    1660.000   -3504.9778494   3162.5847425   1044.1239144   1744.9128233
    1670.000   -3536.6350837   3168.8558988   1044.1647493   1755.3542672
    1680.000   -3568.3548433   3175.0898567   1044.2048763   1765.7961159
    1690.000   -3600.1367583   3181.2870537   1044.2443116   1776.2383624
    1700.000   -3631.9804633   3187.4479195   1044.2830709   1786.6809999
    1710.000   -3663.8855970   3193.5728764   1044.3211695   1797.1240216
    1720.000   -3695.8518025   3199.6623393   1044.3586221   1807.5674211
    1730.000   -3727.8787269   3205.7167161   1044.3954434   1818.0111919
    1740.000   -3759.9660212   3211.7364075   1044.4316471   1828.4553279
    1750.000   -3792.1133407   3217.7218078   1044.4672471   1838.8998229
    1760.000   -3824.3203444   3223.6733041   1044.5022566   1849.3446709
    1770.000   -3856.5866951   3229.5912775   1044.5366885   1859.7898661
    1780.000   -3888.9120594   3235.4761024   1044.5705554   1870.2354028
    1790.000   -3921.2961078   3241.3281470   1044.6038694   1880.6812753
    1800.000   -3953.7385143   3247.1477737   1044.6366425   1891.1274783
    1810.000   -3986.2389564   3252.9353386   1044.6688863   1901.5740064
    1820.000   -4018.7971154   3258.6911922   1044.7006120   1912.0208543
    1830.000   -4051.4126757   3264.4156791   1044.7318306   1922.4680170
    1840.000   -4084.0853255   3270.1091385   1044.7625529   1932.9154893
    1850.000   -4116.8147562   3275.7719041   1044.7927891   1943.3632664
    1860.000   -4149.6006624   3281.4043042   1044.8225496   1953.8113435
    1870.000   -4182.4427421   3287.0066620   1044.8518440   1964.2597159
    1880.000   -4215.3406966   3292.5792954   1044.8806822   1974.7083789
    1890.000   -4248.2942300   3298.1225175   1044.9090734   1985.1573280
    1900.000   -4281.3030499   3303.6366362   1044.9370267   1995.6065589
    1910.000   -4314.3668667   3309.1219549   1044.9645512   2006.0560671
    1920.000   -4347.4853940   3314.5787721   1044.9916555   2016.5058485
    1930.000   -4380.6583481   3320.0073819   1045.0183480   2026.9558988
    1940.000   -4413.8854486   3325.4080735   1045.0446370   2037.4062141
    1950.000   -4447.1664175   3330.7811322   1045.0705306   2047.8567903
    1960.000   -4480.5009800   3336.1268385   1045.0960366   2058.3076234
    1970.000   -4513.8888640   3341.4454689   1045.1211627   2068.7587097
    1980.000   -4547.3298001   3346.7372957   1045.1459163   2079.2100454
    1990.000   -4580.8235215   3352.0025871   1045.1703048   2089.6616268
    2000.000   -4614.3697642   3357.2416073   1045.1943352   2100.1134503
