       0.000     115.9566862      0.0000000      0.0000000    115.9566862
      10.000     115.9559333      0.3270621      1.0371055    115.9592039
      20.000     115.9430639      2.7905249      8.6563659    115.9988744
      30.000     115.8841593     10.0626945     32.2051470    116.1860402
      40.000     115.7162796     24.9054972     76.1777724    116.7124995
      50.000     115.3584236     47.9732751    134.3573792    117.7570873
      60.000     114.7332739     78.0855050    198.2570400    119.4184042
      70.000     113.7792340    113.4457799    261.7099916    121.7204386
      80.000     112.4526463    152.3307282    321.1758658    124.6391046
      90.000     110.7256202    193.3270549    375.0097670    128.1250551
     100.000     108.5826759    235.3621074    422.7406255    132.1188867
     110.000     106.0175290    277.6596487    464.5482867    136.5600904
     120.000     103.0304342    319.6776191    500.9283900    141.3917485
     130.000      99.6261435    361.0497652    532.4950903    146.5626129
     140.000      95.8123958    401.5378545    559.8738212    152.0276955
     150.000      91.5988298    440.9950223    583.6485173    157.7480831
     160.000      86.9962121    479.3386466    604.3398161    163.6903955
     170.000      82.0158988    516.5306887    622.3998475    169.8261159
     180.000      76.6694642    552.5636261    638.2152483    176.1309169
     190.000      70.9684481    587.4504674    652.1137493    182.5840369
     200.000      64.9241878    621.2177049    664.3718646    189.1677288
     210.000      58.5477098    653.9003652    675.2224522    195.8667865
     220.000      51.8496624    685.5385486    684.8615903    202.6681431
     230.000      44.8402779    716.1750262    693.4545776    209.5605340
     240.000      37.5293549    745.8535848    701.1410411    216.5342153
     250.000      29.9262536    774.6179021    708.0392232    223.5807292
     260.000      22.0399015    802.5107964    714.2495484    230.6927085
     270.000      13.8788040    829.5737401    719.8575764    237.8637138
     280.000       5.4510602    855.8465611    724.9364409    245.0880973
     290.000      -3.2356204    881.3672732    729.5488632    252.3608888
     300.000     -12.1738989    906.1719978    733.7488154    259.6777005
     310.000     -21.3567880    930.2949491    737.5828953    267.0346463
     320.000     -30.7776332    953.7684600    741.0914668    274.4282740
     330.000     -40.4300943    976.6230371    744.3096063    281.8555080
     340.000     -50.3081269    998.8874330    747.2678916    289.3136003
     350.000     -60.4059661   1020.5887292    749.9930606    296.8000891
     360.000     -70.7181096   1041.7524239    752.5085633    304.3127630
     370.000     -81.2393027   1062.4025223    754.8350252    311.8496305
     380.000     -91.9645236   1082.5616258    756.9906386    319.4088942
     390.000    -102.8889697   1102.2510188    758.9914929    326.9889276
     400.000    -114.0080452   1121.4907529    760.8518550    334.5882559
     410.000    -125.3173490   1140.2997265    762.5844075    342.2055389
     420.000    -136.8126634   1158.6957601    764.2004524    349.8395559
     430.000    -148.4899439   1176.6956679    765.7100852    357.4891933
     440.000    -160.3453093   1194.3153237    767.1223439    365.1534331
     450.000    -172.3750329   1211.5697237    768.4453378    372.8313427
     460.000    -184.5755336   1228.4730442    769.6863582    380.5220667
     470.000    -196.9433683   1245.0386956    770.8519747    388.2248186
     480.000    -209.4752244   1261.2793730    771.9481179    395.9388747
     490.000    -222.1679127   1277.2071021    772.9801521    403.6635673
     500.000    -235.0183613   1292.8332832    773.9529385    411.3982803
     510.000    -248.0236093   1308.1687307    774.8708899    419.1424434
     520.000    -261.1808011   1323.2237111    775.7380190    426.8955287
     530.000    -274.4871812   1338.0079769    776.5579812    434.6570466
     540.000    -287.9400892   1352.5307990    777.3341116    442.4265422
     550.000    -301.5369552   1366.8009964    778.0694574    450.2035929
     560.000    -315.2752951   1380.8269640    778.7668079    457.9878048
     570.000    -329.1527070   1394.6166982    779.4287191    465.7788109
     580.000    -343.1668671   1408.1778205    780.0575374    473.5762689
     590.000    -357.3155257   1421.5176004    780.6554192    481.3798586
     600.000    -371.5965044   1434.6429753    781.2243491    489.1892807
     610.000    -386.0076926   1447.5605701    781.7661561    497.0042552
     620.000    -400.5470443   1460.2767152    782.2825278    504.8245191
     630.000    -415.2125756   1472.7974631    782.7750234    512.6498261
     640.000    -430.0023616   1485.1286038    783.2450848    520.4799448
     650.000    -444.9145342   1497.2756795    783.6940474    528.3146575
     660.000    -459.9472794   1509.2439984    784.1231493    536.1537596
     670.000    -475.0988353   1521.0386469    784.5335392    543.9970581
     680.000    -490.3674897   1532.6645018    784.9262847    551.8443715
     690.000    -505.7515783   1544.1262414    785.3023784    559.6955283
     700.000    -521.2494825   1555.4283559    785.6627445    567.5503667
     710.000    -536.8596277   1566.5751569    786.0082442    575.4087337
     720.000    -552.5804817   1577.5707867    786.3396809    583.2704847
     730.000    -568.4105528   1588.4192270    786.6578044    591.1354829
     740.000    -584.3483884   1599.1243069    786.9633158    599.0035987
     750.000    -600.3925734   1609.6897103    787.2568703    606.8747094
     760.000    -616.5417288   1620.1189831    787.5390818    614.7486984
     770.000    -632.7945107   1630.4155400    787.8105251    622.6254551
     780.000    -649.1496082   1640.5826705    788.0717392    630.5048748
     790.000    -665.6057432   1650.6235452    788.3232300    638.3868575
     800.000    -682.1616685   1660.5412213    788.5654726    646.2713085
     810.000    -698.8161668   1670.3386475    788.7989135    654.1581376
     820.000    -715.5680501   1680.0186695    789.0239726    662.0472589
     830.000    -732.4161581   1689.5840343    789.2410453    669.9385905
     840.000    -749.3593575   1699.0373951    789.4505039    677.8320544
     850.000    -766.3965412   1708.3813147    789.6526993    685.7275763
     860.000    -783.5266272   1717.6182703    789.8479626    693.6250853
     870.000    -800.7485580   1726.7506569    790.0366061    701.5245135
     880.000    -818.0612995   1735.7807907    790.2189250    709.4257963
     890.000    -835.4638405   1744.7109127    790.3951981    717.3288719
     900.000    -852.9551916   1753.5431918    790.5656891    725.2336810
     910.000    -870.5343852   1762.2797279    790.7306475    733.1401672
     920.000    -888.2004738   1770.9225545    790.8903095    741.0482763
     930.000    -905.9525305   1779.4736419    791.0448989    748.9579565
     940.000    -923.7896472   1787.9348993    791.1946279    756.8691581
     950.000    -941.7109352   1796.3081776    791.3396975    764.7818335
     960.000    -959.7155235   1804.5952715    791.4802988    772.6959371
     970.000    -977.8025591   1812.7979220    791.6166128    780.6114252
     980.000    -995.9712061   1820.9178182    791.7488119    788.5282557
     990.000   -1014.2206451   1828.9565994    791.8770596    796.4463883
    1000.000   -1032.5500730   1836.9158573    792.0015115    804.3657842
    1010.000   -1050.9587024   1844.7971373    792.1223156    812.2864063
    1020.000   -1069.4457609   1852.6019409    792.2396129    820.2082188
    1030.000   -1088.0104911   1860.3317267    792.3535374    828.1311874
    1040.000   -1106.6521501   1867.9879124    792.4642171    836.0552788
    1050.000   -1125.3700086   1875.5718761    792.5717737    843.9804613
    1060.000   -1144.1633513   1883.0849581    792.6763234    851.9067042
    1070.000   -1163.0314759   1890.5284617    792.7779771    859.8339781
    1080.000   -1181.9736929   1897.9036549    792.8768406    867.7622545
    1090.000   -1200.9893254   1905.2117719    792.9730148    875.6915059
    1100.000   -1220.0777087   1912.4540135    793.0665963    883.6217061
    1110.000   -1239.2381900   1919.6315491    793.1576773    891.5528295
    1120.000   -1258.4701278   1926.7455174    793.2463458    899.4848516
    1130.000   -1277.7728921   1933.7970273    793.3326863    907.4177487
    1140.000   -1297.1458638   1940.7871593    793.4167794    915.3514979
    1150.000   -1316.5884342   1947.7169663    793.4987023    923.2860771
    1160.000   -1336.1000054   1954.5874744    793.5785289    931.2214649
    1170.000   -1355.6799894   1961.3996840    793.6563300    939.1576409
    1180.000   -1375.3278080   1968.1545704    793.7321735    947.0945850
    1190.000   -1395.0428929   1974.8530848    793.8061244    955.0322780
    1200.000   -1414.8246849   1981.4961553    793.8782451    962.9707014
    1210.000   -1434.6726342   1988.0846870    793.9485953    970.9098370
    1220.000   -1454.5861998   1994.6195634    794.0172325    978.8496676
    1230.000   -1474.5648495   2001.1016469    794.0842117    986.7901762
    1240.000   -1494.6080596   2007.5317791    794.1495860    994.7313465
    1250.000   -1514.7153147   2013.9107819    794.2134059   1002.6731627
    1260.000   -1534.8861075   2020.2394580    794.2757205   1010.6156096
    1270.000   -1555.1199387   2026.5185913    794.3365766   1018.5586723
    1280.000   -1575.4163167   2032.7489477    794.3960192   1026.5023364
    1290.000   -1595.7747575   2038.9312757    794.4540919   1034.4465881
    1300.000   -1616.1947846   2045.0663064    794.5108362   1042.3914138
    1310.000   -1636.6759284   2051.1547549    794.5662924   1050.3368005
    1320.000   -1657.2177267   2057.1973198    794.6204992   1058.2827355
    1330.000   -1677.8197241   2063.1946846    794.6734936   1066.2292064
    1340.000   -1698.4814720   2069.1475175    794.7253116   1074.1762014
    1350.000   -1719.2025282   2075.0564719    794.7759877   1082.1237089
    1360.000   -1739.9824573   2080.9221873    794.8255552   1090.0717175
    1370.000   -1760.8208299   2086.7452893    794.8740461   1098.0202164
    1380.000   -1781.7172231   2092.5263898    794.9214913   1105.9691949
    1390.000   -1802.6712197   2098.2660882    794.9679207   1113.9186428
    1400.000   -1823.6824088   2103.9649706    795.0133630   1121.8685501
    1410.000   -1844.7503850   2109.6236113    795.0578459   1129.8189069
    1420.000   -1865.8747487   2115.2425723    795.1013964   1137.7697039
    1430.000   -1887.0551060   2120.8224040    795.1440402   1145.7209318
    1440.000   -1908.2910682   2126.3636458    795.1858022   1153.6725817
    1450.000   -1929.5822520   2131.8668255    795.2267067   1161.6246450
    1460.000   -1950.9282795   2137.3324607    795.2667768   1169.5771131
    1470.000   -1972.3287778   2142.7610582    795.3060352   1177.5299778
    1480.000   -1993.7833789   2148.1531149    795.3445036   1185.4832312
    1490.000   -2015.2917199   2153.5091176    795.3822030   1193.4368653
    1500.000   -2036.8534427   2158.8295436    795.4191537   1201.3908727
    1510.000   -2058.4681938   2164.1148607    795.4553755   1209.3452460
    1520.000   -2080.1356244   2169.3655278    795.4908873   1217.2999779
    1530.000   -2101.8553903   2174.5819946    795.5257076   1225.2550614
    1540.000   -2123.6271517   2179.7647023    795.5598542   1233.2104898
    1550.000   -2145.4505733   2184.9140836    795.5933444   1241.1662563
    1560.000   -2167.3253237   2190.0305630    795.6261948   1249.1223545
    1570.000   -2189.2510762   2195.1145569    795.6584216   1257.0787781
    1580.000   -2211.2275080   2200.1664740    795.6900406   1265.0355209
    1590.000   -2233.2543001   2205.1867152    795.7210668   1272.9925770
    1600.000   -2255.3311380   2210.1756740    795.7515151   1280.9499403
    1610.000   -2277.4577106   2215.1337367    795.7813996   1288.9076054
    1620.000   -2299.6337110   2220.0612824    795.8107341   1296.8655665
    1630.000   -2321.8588358   2224.9586835    795.8395322   1304.8238183
    1640.000   -2344.1327854   2229.8263054    795.8678067   1312.7823554
    1650.000   -2366.4552638   2234.6645070    795.8955702   1320.7411727
    1660.000   -2388.8259787   2239.4736408    795.9228351   1328.7002651
    1670.000   -2411.2446409   2244.2540531    795.9496131   1336.6596278
    1680.000   -2433.7109651   2249.0060839    795.9759158   1344.6192558
    1690.000   -2456.2246691   2253.7300673    796.0017544   1352.5791445
    1700.000   -2478.7854741   2258.4263314    796.0271397   1360.5392894
    1710.000   -2501.3931044   2263.0951990    796.0520822   1368.4996859
    1720.000   -2524.0472878   2267.7369868    796.0765921   1376.4603296
    1730.000   -2546.7477549   2272.3520065    796.1006795   1384.4212163
    1740.000   -2569.4942397   2276.9405641    796.1243539   1392.3823418
    1750.000   -2592.2864790   2281.5029606    796.1476247   1400.3437020
    1760.000   -2615.1242127   2286.0394919    796.1705011   1408.3052930
    1770.000   -2638.0071836   2290.5504488    796.1929919   1416.2671108
    1780.000   -2660.9351374   2295.0361174    796.2151057   1424.2291516
    1790.000   -2683.9078226   2299.4967789    796.2368509   1432.1914117
    1800.000   -2706.9249905   2303.9327099    796.2582357   1440.1538874
    1810.000   -2729.9863953   2308.3441826    796.2792679   1448.1165752
    1820.000   -2753.0917935   2312.7314644    796.2999552   1456.0794716
    1830.000   -2776.2409448   2317.0948186    796.3203052   1464.0425732
    1840.000   -2799.4336110   2321.4345041    796.3403251   1472.0058766
    1850.000   -2822.6695568   2325.7507759    796.3600221   1479.9693786
    1860.000   -2845.9485493   2330.0438846    796.3794029   1487.9330760
    1870.000   -2869.2703581   2334.3140769    796.3984745   1495.8969656
    1880.000   -2892.6347553   2338.5615956    796.4172432   1503.8610445
    1890.000   -2916.0415153   2342.7866798    796.4357156   1511.8253095
    1900.000   -2939.4904149   2346.9895646    796.4538977   1519.7897578
    1910.000   -2962.9812333   2351.1704816    796.4717956   1527.7543865
    1920.000   -2986.5137520   2355.3296588    796.4894153   1535.7191928
    1930.000   -3010.0877548   2359.4673206    796.5067624   1543.6841739
    1940.000   -3033.7030275   2363.5836880    796.5238425   1551.6493271
    1950.000   -3057.3593583   2367.6789785    796.5406612   1559.6146499
    1960.000   -3081.0565375   2371.7534066    796.5572236   1567.5801395
    1970.000   -3104.7943576   2375.8071833    796.5735350   1575.5457935
    1980.000   -3128.5726130   2379.8405164    796.5896004   1583.5116094
    1990.000   -3152.3911004   2383.8536106    796.6054247   1591.4775847
    2000.000   -3176.2496185   2387.8466678    796.6210128   1599.4437171
    2010.000   -3200.1479677   2391.8198865    796.6363693   1607.4100042
    2020.000   -3224.0859507   2395.7734626    796.6514987   1615.3764437
    2030.000   -3248.0633721   2399.7075889    796.6664056   1623.3430334
    2040.000   -3272.0800383   2403.6224556    796.6810942   1631.3097711
    2050.000   -3296.1357576   2407.5182499    796.6955689   1639.2766546
    2060.000   -3320.2303403   2411.3951564    796.7098336   1647.2436818
    2070.000   -3344.3635984   2415.2533570    796.7238926   1655.2108506
    2080.000   -3368.5353457   2419.0930311    796.7377496   1663.1781590
    2090.000   -3392.7453979   2422.9143554    796.7514087   1671.1456049
    2100.000   -3416.9935722   2426.7175042    796.7648734   1679.1131865
    2110.000   -3441.2796879   2430.5026491    796.7781475   1687.0809018
    2120.000   -3465.6035658   2434.2699597    796.7912345   1695.0487488
    2130.000   -3489.9650282   2438.0196029    796.8041380   1703.0167258
    2140.000   -3514.3638995   2441.7517432    796.8168614   1710.9848310
    2150.000   -3538.8000053   2445.4665432    796.8294080   1718.9530625
    2160.000   -3563.2731731   2449.1641628    796.8417810   1726.9214186
    2170.000   -3587.7832318   2452.8447601    796.8539837   1734.8898975
    2180.000   -3612.3300121   2456.5084907    796.8660191   1742.8584977
    2190.000   -3636.9133459   2460.1555083    796.8778903   1750.8272174
    2200.000   -3661.5330670   2463.7859645    796.8896003   1758.7960550
    2210.000   -3686.1890105   2467.4000088    796.9011520   1766.7650088
    2220.000   -3710.8810130   2470.9977885    796.9125482   1774.7340775
    2230.000   -3735.6089125   2474.5794493    796.9237917   1782.7032593
    2240.000   -3760.3725487   2478.1451346    796.9348852   1790.6725528
    2250.000   -3785.1717625   2481.6949862    796.9458314   1798.6419565
    2260.000   -3810.0063961   2485.2291438    796.9566328   1806.6114690
    2270.000   -3834.8762935   2488.7477455    796.9672920   1814.5810887
    2280.000   -3859.7812996   2492.2509272    796.9778115   1822.5508143
    2290.000   -3884.7212611   2495.7388234    796.9881937   1830.5206445
    2300.000   -3909.6960256   2499.2115667    796.9984410   1838.4905778
    2310.000   -3934.7054423   2502.6692880    797.0085557   1846.4606128
    2320.000   -3959.7493617   2506.1121164    797.0185401   1854.4307484
    2330.000   -3984.8276354   2509.5401797    797.0283965   1862.4009832
    2340.000   -4009.9401165   2512.9536036    797.0381269   1870.3713159
    2350.000   -4035.0866591   2516.3525125    797.0477336   1878.3417453
    2360.000   -4060.2671188   2519.7370292    797.0572186   1886.3122702
    2370.000   -4085.4813521   2523.1072749    797.0665839   1894.2828893
    2380.000   -4110.7292171   2526.4633692    797.0758317   1902.2536015
    2390.000   -4136.0105728   2529.8054303    797.0849638   1910.2244056
    2400.000   -4161.3252793   2533.1335749    797.0939821   1918.1953004
    2410.000   -4186.6731982   2536.4479183    797.1028886   1926.1662848
    2420.000   -4212.0541921   2539.7485743    797.1116850   1934.1373578
    2430.000   -4237.4681245   2543.0356554    797.1203732   1942.1085182
    2440.000   -4262.9148603   2546.3092726    797.1289550   1950.0797649
    2450.000   -4288.3942654   2549.5695357    797.1374320   1958.0510969
    2460.000   -4313.9062069   2552.8165529    797.1458061   1966.0225132
    2470.000   -4339.4505527   2556.0504313    797.1540787   1973.9940127
    2480.000   -4365.0271720   2559.2712768    797.1622517   1981.9655944
    2490.000   -4390.6359351   2562.4791938    797.1703265   1989.9372574
    2500.000   -4416.2767132   2565.6742855    797.1783047   1997.9090007
    2510.000   -4441.9493784   2568.8566540    797.1861879   2005.8808232
    2520.000   -4467.6538042   2572.0264001    797.1939775   2013.8527241
    2530.000   -4493.3898647   2575.1836234    797.2016751   2021.8247024
    2540.000   -4519.1574352   2578.3284223    797.2092821   2029.7967573
    2550.000   -4544.9563920   2581.4608940    797.2167998   2037.7688878
    2560.000   -4570.7866123   2584.5811349    797.2242298   2045.7410930
    2570.000   -4596.6479743   2587.6892398    797.2315733   2053.7133721
    2580.000   -4622.5403570   2590.7853028    797.2388317   2061.6857242
    2590.000   -4648.4636405   2593.8694166    797.2460062   2069.6581484
    2600.000   -4674.4177058   2596.9416730    797.2530983   2077.6306440
    2610.000   -4700.4024347   2600.0021628    797.2601091   2085.6032101
    2620.000   -4726.4177101   2603.0509756    797.2670399   2093.5758459
    2630.000   -4752.4634156   2606.0882001    797.2738918   2101.5485507
    2640.000   -4778.5394358   2609.1139240    797.2806662   2109.5213235
    2650.000   -4804.6456561   2612.1282339    797.2873641   2117.4941637
    2660.000   -4830.7819627   2615.1312155    797.2939866   2125.4670706
    2670.000   -4856.9482429   2618.1229536    797.3005350   2133.4400432
    2680.000   -4883.1443846   2621.1035319    797.3070103   2141.4130810
    2690.000   -4909.3702766   2624.0730334    797.3134137   2149.3861832
    2700.000   -4935.6258086   2627.0315399    797.3197461   2157.3593491
    2710.000   -4961.9108710   2629.9791324    797.3260085   2165.3325779
    2720.000   -4988.2253551   2632.9158912    797.3322022   2173.3058690
    2730.000   -5014.5691530   2635.8418955    797.3383279   2181.2792217
    2740.000   -5040.9421575   2638.7572236    797.3443868   2189.2526353
    2750.000   -5067.3442622   2641.6619532    797.3503798   2197.2261092
    2760.000   -5093.7753615   2644.5561609    797.3563079   2205.1996427
    2770.000   -5120.2353505   2647.4399226    797.3621719   2213.1732352
    2780.000   -5146.7241253   2650.3133134    797.3679728   2221.1468859
    2790.000   -5173.2415825   2653.1764075    797.3737116   2229.1205944
    2800.000   -5199.7876194   2656.0292783    797.3793890   2237.0943600
    2810.000   -5226.3621342   2658.8719987    797.3850060   2245.0681820
    2820.000   -5252.9650258   2661.7046403    797.3905634   2253.0420599
    2830.000   -5279.5961937   2664.5272745    797.3960620   2261.0159931
    2840.000   -5306.2555382   2667.3399715    797.4015028   2268.9899809
    2850.000   -5332.9429602   2670.1428011    797.4068864   2276.9640229
    2860.000   -5359.6583615   2672.9358322    797.4122137   2284.9381185
    2870.000   -5386.4016444   2675.7191329    797.4174855   2292.9122670
    2880.000   -5413.1727120   2678.4927708    797.4227025   2300.8864680
    2890.000   -5439.9714679   2681.2568127    797.4278655   2308.8607209
    2900.000   -5466.7978165   2684.0113247    797.4329752   2316.8350251
    2910.000   -5493.6516628   2686.7563722    797.4380324   2324.8093802
    2920.000   -5520.5329126   2689.4920199    797.4430378   2332.7837856
    2930.000   -5547.4414721   2692.2183320    797.4479921   2340.7582408
    2940.000   -5574.3772483   2694.9353720    797.4528959   2348.7327453
    2950.000   -5601.3401488   2697.6432025    797.4577500   2356.7072985
    2960.000   -5628.3300819   2700.3418858    797.4625551   2364.6819001
    2970.000   -5655.3469563   2703.0314834    797.4673117   2372.6565495
    2980.000   -5682.3906814   2705.7120563    797.4720206   2380.6312462
    2990.000   -5709.4611675   2708.3836646    797.4766824   2388.6059897
    3000.000   -5736.5583251   2711.0463682    797.4812977   2396.5807797
    3010.000   -5763.6820654   2713.7002262    797.4858670   2404.5556155
    3020.000   -5790.8323003   2716.3452971    797.4903912   2412.5304969
    3030.000   -5818.0089422   2718.9816388    797.4948706   2420.5054232
    3040.000   -5845.2119042   2721.6093086    797.4993059   2428.4803941
    3050.000   -5872.4410997   2724.2283636    797.5036978   2436.4554092
    3060.000   -5899.6964429   2726.8388598    797.5080466   2444.4304680
    3070.000   -5926.9778485   2729.4408529    797.5123531   2452.4055700
    3080.000   -5954.2852318   2732.0343983    797.5166178   2460.3807149
    3090.000   -5981.6185085   2734.6195504    797.5208411   2468.3559022
    3100.000   -6008.9775950   2737.1963634    797.5250237   2476.3311316
    3110.000   -6036.3624082   2739.7648909    797.5291660   2484.3064025
    3120.000   -6063.7728654   2742.3251859    797.5332686   2492.2817147
    3130.000   -6091.2088846   2744.8773011    797.5373320   2500.2570678
    3140.000   -6118.6703843   2747.4212884    797.5413567   2508.2324613
    3150.000   -6146.1572835   2749.9571994    797.5453431   2516.2078948
    3160.000   -6173.6695016   2752.4850853    797.5492917   2524.1833680
    3170.000   -6201.2069586   2755.0049966    797.5532031   2532.1588805
    3180.000   -6228.7695751   2757.5169833    797.5570777   2540.1344319
    3190.000   -6256.3572720   2760.0210953    797.5609159   2548.1100219
    3200.000   -6283.9699709   2762.5173816    797.5647182   2556.0856501
    3210.000   -6311.6075937   2765.0058909    797.5684851   2564.0613162
    3220.000   -6339.2700629   2767.4866716    797.5722170   2572.0370197
    3230.000   -6366.9573015   2769.9597715    797.5759142   2580.0127604
    3240.000   -6394.6692329   2772.4252379    797.5795774   2587.9885379
    3250.000   -6422.4057810   2774.8831178    797.5832068   2595.9643518
    3260.000   -6450.1668702   2777.3334577    797.5868028   2603.9402019
    3270.000   -6477.9524252   2779.7763037    797.5903660   2611.9160878
    3280.000   -6505.7623714   2782.2117014    797.5938966   2619.8920091
    3290.000   -6533.5966345   2784.6396961    797.5973951   2627.8679656
    3300.000   -6561.4551408   2787.0603326    797.6008619   2635.8439569
    3310.000   -6589.3378168   2789.4736555    797.6042974   2643.8199827
    3320.000   -6617.2445897   2791.8797086    797.6077018   2651.7960428
    3330.000   -6645.1753869   2794.2785356    797.6110757   2659.7721367
    3340.000   -6673.1301364   2796.6701798    797.6144193   2667.7482642
    3350.000   -6701.1087667   2799.0546841    797.6177331   2675.7244250
    3360.000   -6729.1112065   2801.4320908    797.6210173   2683.7006187
    3370.000   -6757.1373850   2803.8024422    797.6242724   2691.6768452
    3380.000   -6785.1872319   2806.1657799    797.6274986   2699.6531041
    3390.000   -6813.2606773   2808.5221453    797.6306964   2707.6293951
    3400.000   -6841.3576517   2810.8715793    797.6338660   2715.6057179
    3410.000   -6869.4780860   2813.2141227    797.6370077   2723.5820723
    3420.000   -6897.6219113   2815.5498156    797.6401220   2731.5584580
    3430.000   -6925.7890596   2817.8786980    797.6432091   2739.5348747
    3440.000   -6953.9794627   2820.2008095    797.6462693   2747.5113221
    3450.000   -6982.1930533   2822.5161894    797.6493030   2755.4878000
    3460.000   -7010.4297642   2824.8248764    797.6523104   2763.4643081
    3470.000   -7038.6895287   2827.1269092    797.6552919   2771.4408461
    3480.000   -7066.9722803   2829.4223259    797.6582477   2779.4174138
    3490.000   -7095.2779533   2831.7111645    797.6611782   2787.3940110
    3500.000   -7123.6064818   2833.9934626    797.6640836   2795.3706373
    3510.000   -7151.9578008   2836.2692574    797.6669643   2803.3472926
    3520.000   -7180.3318454   2838.5385858    797.6698204   2811.3239765
    3530.000   -7208.7285511   2840.8014844    797.6726523   2819.3006889
    3540.000   -7237.1478538   2843.0579896    797.6754603   2827.2774295
    3550.000   -7265.5896897   2845.3081374    797.6782446   2835.2541980
    3560.000   -7294.0539955   2847.5519634    797.6810054   2843.2309943
    3570.000   -7322.5407080   2849.7895031    797.6837432   2851.2078180
    3580.000   -7351.0497647   2852.0207916    797.6864580   2859.1846691
    3590.000   -7379.5811031   2854.2458636    797.6891502   2867.1615471
    3600.000   -7408.1346614   2856.4647537    797.6918199   2875.1384520
    3610.000   -7436.7103777   2858.6774962    797.6944676   2883.1153834
    3620.000   -7465.3081909   2860.8841249    797.6970934   2891.0923413
    3630.000   -7493.9280400   2863.0846736    797.6996975   2899.0693252
    3640.000   -7522.5698642   2865.2791757    797.7022801   2907.0463351
    3650.000   -7551.2336034   2867.4676642    797.7048416   2915.0233708
    3660.000   -7579.9191976   2869.6501720    797.7073822   2923.0004319
    3670.000   -7608.6265870   2871.8267317    797.7099020   2930.9775183
    3680.000   -7637.3557125   2873.9973756    797.7124013   2938.9546299
    3690.000   -7666.1065149   2876.1621358    797.7148803   2946.9317663
    3700.000   -7694.8789357   2878.3210441    797.7173393   2954.9089274
    3710.000   -7723.6729164   2880.4741319    797.7197784   2962.8861130
    3720.000   -7752.4883990   2882.6214306    797.7221979   2970.8633229
    3730.000   -7781.3253258   2884.7629712    797.7245980   2978.8405569
    3740.000   -7810.1836394   2886.8987845    797.7269789   2986.8178148
    3750.000   -7839.0632825   2889.0289011    797.7293407   2994.7950964
    3760.000   -7867.9641985   2891.1533511    797.7316837   3002.7724016
    3770.000   -7896.8863308   2893.2721647    797.7340082   3010.7497300
    3780.000   -7925.8296231   2895.3853716    797.7363142   3018.7270817
    3790.000   -7954.7940196   2897.4930016    797.7386020   3026.7044563
    3800.000   -7983.7794647   2899.5950838    797.7408718   3034.6818537
    3810.000   -8012.7859029   2901.6916474    797.7431237   3042.6592736
    3820.000   -8041.8132793   2903.7827213    797.7453580   3050.6367161
    3830.000   -8070.8615391   2905.8683342    797.7475748   3058.6141807
    3840.000   -8099.9306279   2907.9485144    797.7497743   3066.5916675
    3850.000   -8129.0204914   2910.0232903    797.7519568   3074.5691762
    3860.000   -8158.1310758   2912.0926897    797.7541223   3082.5467066
    3870.000   -8187.2623274   2914.1567405    797.7562710   3090.5242586
    3880.000   -8216.4141928   2916.2154703    797.7584031   3098.5018319
    3890.000   -8245.5866191   2918.2689063    797.7605189   3106.4794266
    3900.000   -8274.7795534   2920.3170758    797.7626184   3114.4570423
    3910.000   -8303.9929432   2922.3600056    797.7647018   3122.4346789
    3920.000   -8333.2267361   2924.3977226    797.7667693   3130.4123363
    3930.000   -8362.4808803   2926.4302531    797.7688210   3138.3900142
    3940.000   -8391.7553240   2928.4576235    797.7708572   3146.3677126
    3950.000   -8421.0500157   2930.4798600    797.7728779   3154.3454313
    3960.000   -8450.3649042   2932.4969885    797.7748833   3162.3231701
    3970.000   -8479.6999385   2934.5090346    797.7768737   3170.3009289
    3980.000   -8509.0550680   2936.5160240    797.7788490   3178.2787076
    3990.000   -8538.4302422   2938.5179820    797.7808095   3186.2565059
    4000.000   -8567.8254110   2940.5149337    797.7827553   3194.2343237