       0.000     685.2798530      0.0000000      0.0000000    685.2798530
      10.000     685.2797353      0.0569122      0.1994416    685.2803045
      20.000     685.2773042      0.5305394      1.6155151    685.2879150
      30.000     685.2664421      1.8152115      5.5578070    685.3208985
      40.000     685.2364848      4.4623228     14.2834303    685.4149778
      50.000     685.1701613      9.2185192     30.3257124    685.6310873
      60.000     685.0426459     16.8083216     55.2223401    686.0511452
      70.000     684.8227470     27.7645457     89.3087101    686.7662652
      80.000     684.4751071     42.3881484    132.0286161    687.8661590
      90.000     683.9624308     60.7722420    182.2676844    689.4319325
     100.000     683.2473517     82.8455670    238.6228235    691.5319084
     110.000     682.2938478    108.4177710    299.6039688    694.2198026
     120.000     681.0682253    137.2197473    363.7719427    697.5345950
     130.000     679.5397344    168.9366198    429.8219508    701.5014950
     140.000     677.6808942    203.2330772    496.6256434    706.1335250
     150.000     675.4675999    239.7718063    563.2444226    711.4333708
     160.000     672.8790747    278.2261918    628.9244369    717.3952654
     170.000     669.8977189    318.2885060    693.0810294    724.0067649
     180.000     666.5088945    359.6746969    755.2780382    731.2503400
     190.000     662.7006752    402.1267036    815.2054823    739.1047489
     200.000     658.4635823    445.4130381    872.6578082    747.5461899
     210.000     653.7903211    489.3282024    927.5139172    756.5492436
     220.000     648.6755275    533.6913644    979.7195574    766.0876276
     230.000     643.1155292    578.3446003   1029.2722550    776.1347873
     240.000     637.1081273    623.1509229   1076.2087148    786.6643488
     250.000     630.6523960    667.9922442   1120.5944838    797.6504570
     260.000     623.7485047    712.7673721   1162.5156113    809.0680214
     270.000     616.3975580    757.3901034   1202.0720179    820.8928859
     280.000     608.6014552    801.7874489   1239.3723004    833.1019409
     290.000     600.3627661    845.8980096   1274.5297195    845.6731889
     300.000     591.6846228    889.6705085   1307.6591498    858.5857754
     310.000     582.5706252    933.0624764   1338.8748035    871.8199929
     320.000     573.0247586    976.0390843   1368.2885684    885.3572656
     330.000     563.0513228   1018.5721120   1396.0088297    899.1801197
     340.000     552.6548705   1060.6390413   1422.1396678    913.2721446
     350.000     541.8401548   1102.2222620   1446.7803476    927.6179465
     360.000     530.6120827   1143.3083780   1470.0250278    942.2030988
     370.000     518.9756772   1183.8876041   1491.9626379    957.0140907
     380.000     506.9360429   1223.9532404   1512.6768779    972.0382742
     390.000     494.4983382   1263.5012170   1532.2463075    987.2638128
     400.000     481.6677504   1302.5296993   1550.7444997   1002.6796301
     410.000     468.4494758   1341.0387462   1568.2402360   1018.2753618
     420.000     454.8487016   1379.0300150   1584.7977310   1034.0413079
     430.000     440.8705915   1416.5065057   1600.4768718   1049.9683890
     440.000     426.5202737   1453.4723413   1615.3334653   1066.0481039
     450.000     411.8028301   1489.9325777   1629.4194864   1082.2724901
     460.000     396.7232882   1525.8930403   1642.7833221   1098.6340867
     470.000     381.2866138   1561.3601829   1655.4700085   1115.1258997
     480.000     365.4977058   1596.3409667   1667.5214591   1131.7413698
     490.000     349.3613911   1630.8427564   1678.9766812   1148.4743418
     500.000     332.8824217   1664.8732311   1689.8719814   1165.3190372
     510.000     316.0654712   1698.4403073   1700.2411594   1182.2700279
     520.000     298.9151333   1731.5520742   1710.1156884   1199.3222118
     530.000     281.4359201   1764.2167373   1719.5248852   1216.4707908
     540.000     263.6322613   1796.4425712   1728.4960673   1233.7112497
     550.000     245.5085037   1828.2378790   1737.0547001   1251.0393372
     560.000     227.0689111   1859.6109585   1745.2245327   1268.4510479
     570.000     208.3176644   1890.5700727   1753.0277242   1285.9426059
     580.000     189.2588622   1921.1234261   1760.4849603   1303.5104493
     590.000     169.8965214   1951.2791442   1767.6155614   1321.1512164
     600.000     150.2345780   1981.0452568   1774.4375820   1338.8617321
     610.000     130.2768885   2010.4296842   1780.9679035   1356.6389959
     620.000     110.0272306   2039.4402258   1787.2223187   1374.4801706
     630.000      89.4893047   2068.0845512   1793.2156107   1392.3825719
     640.000      68.6667352   2096.3701930   1798.9616252   1410.3436586
     650.000      47.5630718   2124.3045411   1804.4733377   1428.3610235
     660.000      26.1817911   2151.8948392   1809.7629150   1446.4323850
     670.000       4.5262982   2179.1481811   1814.8417723   1464.5555795
     680.000     -17.4000724   2206.0715093   1819.7206259   1482.7285539
     690.000     -39.5940546   2232.6716139   1824.4095420   1500.9493590
     700.000     -62.0524495   2258.9551323   1828.9179814   1519.2161432
     710.000     -84.7721236   2284.9285498   1833.2548412   1537.5271467
     720.000    -107.7500079   2310.5981999   1837.4284929   1555.8806960
     730.000    -130.9830957   2335.9702665   1841.4468186   1574.2751989
     740.000    -154.4684414   2361.0507850   1845.3172429   1592.7091394
     750.000    -178.2031592   2385.8456444   1849.0467643   1611.1810741
     760.000    -202.1844213   2410.3605900   1852.6419827   1629.6896271
     770.000    -226.4094567   2434.6012254   1856.1091257   1648.2334869
     780.000    -250.8755497   2458.5730154   1859.4540730   1666.8114023
     790.000    -275.5800386   2482.2812888   1862.6823784   1685.4221796
     800.000    -300.5203144   2505.7312412   1865.7992913   1704.0646786
     810.000    -325.6938192   2528.9279381   1868.8097753   1722.7378106
     820.000    -351.0980454   2551.8763177   1871.7185266   1741.4405350
     830.000    -376.7305339   2574.5811938   1874.5299909   1760.1718569
     840.000    -402.5888733   2597.0472594   1877.2483782   1778.9308246
     850.000    -428.6706983   2619.2790893   1879.8776781   1797.7165275
     860.000    -454.9736892   2641.2811431   1882.4216725   1816.5280939
     870.000    -481.4955698   2663.0577683   1884.8839488   1835.3646886
     880.000    -508.2341072   2684.6132035   1887.2679110   1854.2255118
     890.000    -535.1871103   2705.9515808   1889.5767909   1873.1097966
     900.000    -562.3524288   2727.0769293   1891.8136582   1892.0168076
     910.000    -589.7279519   2747.9931774   1893.9814299   1910.9458394
     920.000    -617.3116081   2768.7041557   1896.0828794   1929.8962151
     930.000    -645.1013633   2789.2136001   1898.1206444   1948.8672848
     940.000    -673.0952205   2809.5251538   1900.0972349   1967.8584241
     950.000    -701.2912186   2829.6423706   1902.0150402   1986.8690335
     960.000    -729.6874317   2849.5687169   1903.8763360   2005.8985366
     970.000    -758.2819680   2869.3075743   1905.6832905   2024.9463791
     980.000    -787.0729692   2888.8622422   1907.4379704   2044.0120282
     990.000    -816.0586096   2908.2359398   1909.1423464   2063.0949709
    1000.000    -845.2370952   2927.4318089   1910.7982985   2082.1947137
    1010.000    -874.6066632   2946.4529155   1912.4076208   2101.3107814
    1020.000    -904.1655810   2965.3022523   1913.9720262   2120.4427164
    1030.000    -933.9121455   2983.9827409   1915.4931507   2139.5900777
    1040.000    -963.8446825   3002.4972335   1916.9725575   2158.7524403
    1050.000    -993.9615461   3020.8485151   1918.4117405   2177.9293947
    1060.000   -1024.2611178   3039.0393053   1919.8121283   2197.1205458
    1070.000   -1054.7418061   3057.0722604   1921.1750873   2216.3255126
    1080.000   -1085.4020456   3074.9499748   1922.5019250   2235.5439272
    1090.000   -1116.2402966   3092.6749829   1923.7938930   2254.7754348
    1100.000   -1147.2550445   3110.2497612   1925.0521896   2274.0196928
    1110.000   -1178.4447991   3127.6767291   1926.2779627   2293.2763702
    1120.000   -1209.8080942   3144.9582514   1927.4723124   2312.5451473
    1130.000   -1241.3434870   3162.0966392   1928.6362929   2331.8257152
    1140.000   -1273.0495574   3179.0941516   1929.7709150   2351.1177753
    1150.000   -1304.9249078   3195.9529972   1930.8771485   2370.4210389
    1160.000   -1336.9681624   3212.6753355   1931.9559236   2389.7352268
    1170.000   -1369.1779666   3229.2632781   1933.0081332   2409.0600688
    1180.000   -1401.5529868   3245.7188903   1934.0346346   2428.3953037
    1190.000   -1434.0919100   3262.0441921   1935.0362509   2447.7406786
    1200.000   -1466.7934429   3278.2411595   1936.0137731   2467.0959485
    1210.000   -1499.6563119   3294.3117257   1936.9679610   2486.4608763
    1220.000   -1532.6792624   3310.2577826   1937.8995453   2505.8352323
    1230.000   -1565.8610587   3326.0811812   1938.8092283   2525.2187942
    1240.000   -1599.2004832   3341.7837333   1939.6976856   2544.6113462
    1250.000   -1632.6963364   3357.3672126   1940.5655671   2564.0126793
    1260.000   -1666.3474363   3372.8333550   1941.4134982   2583.4225910
    1270.000   -1700.1526181   3388.1838605   1942.2420809   2602.8408848
    1280.000   -1734.1107336   3403.4203935   1943.0518950   2622.2673701
    1290.000   -1768.2206515   3418.5445841   1943.8434988   2641.7018620
    1300.000   -1802.4812562   3433.5580287   1944.6174302   2661.1441811
    1310.000   -1836.8914481   3448.4622912   1945.3742074   2680.5941534
    1320.000   -1871.4501432   3463.2589037   1946.1143300   2700.0516098
    1330.000   -1906.1562724   3477.9493672   1946.8382797   2719.5163861
    1340.000   -1941.0087816   3492.5351527   1947.5465210   2738.9883230
    1350.000   -1976.0066313   3507.0177014   1948.2395020   2758.4672656
    1360.000   -2011.1487962   3521.3984263   1948.9176550   2777.9530636
    1370.000   -2046.4342650   3535.6787122   1949.5813971   2797.4455707
    1380.000   -2081.8620402   3549.8599167   1950.2311311   2816.9446449
    1390.000   -2117.4311375   3563.9433708   1950.8672460   2836.4501479
    1400.000   -2153.1405861   3577.9303798   1951.4901172   2855.9619456
    1410.000   -2188.9894279   3591.8222236   1952.1001076   2875.4799073
    1420.000   -2224.9767176   3605.6201574   1952.6975676   2895.0039060
    1430.000   -2261.1015221   3619.3254127   1953.2828360   2914.5338181
    1440.000   -2297.3629209   3632.9391973   1953.8562403   2934.0695232
    1450.000   -2333.7600051   3646.4626962   1954.4180971   2953.6109044
    1460.000   -2370.2918778   3659.8970722   1954.9687126   2973.1578477
    1470.000   -2406.9576533   3673.2434663   1955.5083829   2992.7102421
    1480.000   -2443.7564575   3686.5029982   1956.0373945   3012.2679798
    1490.000   -2480.6874274   3699.6767670   1956.5560247   3031.8309554
    1500.000   -2517.7497106   3712.7658515   1957.0645419   3051.3990666
    1510.000   -2554.9424657   3725.7713107   1957.5632058   3070.9722134
    1520.000   -2592.2648615   3738.6941844   1958.0522681   3090.5502987
    1530.000   -2629.7160775   3751.5354935   1958.5319723   3110.1332276
    1540.000   -2667.2953029   3764.2962406   1959.0025543   3129.7209077
    1550.000   -2705.0017370   3776.9774104   1959.4642430   3149.3132490
    1560.000   -2742.8345890   3789.5799697   1959.9172596   3168.9101637
    1570.000   -2780.7930776   3802.1048685   1960.3618192   3188.5115660
    1580.000   -2818.8764307   3814.5530400   1960.7981296   3208.1173726
    1590.000   -2857.0838857   3826.9254009   1961.2263929   3227.7275018
    1600.000   -2895.4146890   3839.2228520   1961.6468046   3247.3418743
    1610.000   -2933.8680960   3851.4462785   1962.0595548   3266.9604124
    1620.000   -2972.4433707   3863.5965501   1962.4648274   3286.5830404
    1630.000   -3011.1397860   3875.6745218   1962.8628012   3306.2096846
    1640.000   -3049.9566229   3887.6810339   1963.2536496   3325.8402727
    1650.000   -3088.8931712   3899.6169125   1963.6375409   3345.4747344
    1660.000   -3127.9487285   3911.4829695   1964.0146386   3365.1130009
    1670.000   -3167.1226005   3923.2800033   1964.3851011   3384.7550050
    1680.000   -3206.4141011   3935.0087990   1964.7490827   3404.4006813
    1690.000   -3245.8225516   3946.6701285   1965.1067330   3424.0499656
    1700.000   -3285.3472813   3958.2647509   1965.4581972   3443.7027953
    1710.000   -3324.9876268   3969.7934129   1965.8036167   3463.3591094
    1720.000   -3364.7429321   3981.2568489   1966.1431287   3483.0188480
    1730.000   -3404.6125487   3992.6557812   1966.4768666   3502.6819527
    1740.000   -3444.5958351   4003.9909205   1966.8049599   3522.3483665
    1750.000   -3484.6921568   4015.2629659   1967.1275349   3542.0180335
    1760.000   -3524.9008864   4026.4726055   1967.4447141   3561.6908992
    1770.000   -3565.2214032   4037.6205160   1967.7566166   3581.3669102
    1780.000   -3605.6530932   4048.7073638   1968.0633583   3601.0460143
    1790.000   -3646.1953491   4059.7338043   1968.3650522   3620.7281605
    1800.000   -3686.8475701   4070.7004828   1968.6618079   3640.4132989
    1810.000   -3727.6091616   4081.6080344   1968.9537321   3660.1013806
    1820.000   -3768.4795357   4092.4570844   1969.2409289   3679.7923578
    1830.000   -3809.4581104   4103.2482482   1969.5234993   3699.4861838
    1840.000   -3850.5443098   4113.9821318   1969.8015419   3719.1828127
    1850.000   -3891.7375641   4124.6593318   1970.0751525   3738.8821998
    1860.000   -3933.0373094   4135.2804359   1970.3444244   3758.5843013
    1870.000   -3974.4429877   4145.8460224   1970.6094486   3778.2890742
    1880.000   -4015.9540467   4156.3566612   1970.8703136   3797.9964764
    1890.000   -4057.5699397   4166.8129135   1971.1271058   3817.7064668
    1900.000   -4099.2901255   4177.2153320   1971.3799091   3837.4190052
    1910.000   -4141.1140687   4187.5644611   1971.6288055   3857.1340520
    1920.000   -4183.0412389   4197.8608372   1971.8738748   3876.8515686
    1930.000   -4225.0711113   4208.1049888   1972.1151948   3896.5715170
    1940.000   -4267.2031663   4218.2974364   1972.3528413   3916.2938602
    1950.000   -4309.4368894   4228.4386930   1972.5868884   3936.0185618
    1960.000   -4351.7717712   4238.5292640   1972.8174079   3955.7455862
    1970.000   -4394.2073074   4248.5696477   1973.0444704   3975.4748985
    1980.000   -4436.7429985   4258.5603348   1973.2681443   3995.2064643
    1990.000   -4479.3783501   4268.5018092   1973.4884965   4014.9402503
    2000.000   -4522.1128723   4278.3945478   1973.7055923   4034.6762234