       0.000      37.1721241      0.0000000      0.0000000     37.1721241
      10.000      37.1710893      0.3662547      0.9727755     37.1747519
      20.000      37.1582507      2.7366585      8.3157243     37.2129839
      30.000      37.1026578      9.1460083     26.1058583     37.3770380
      40.000      36.9607035     19.8876184     50.1857478     37.7562082
      50.000      36.6946004     33.7185208     74.3260068     38.3805264
      60.000      36.2809219     49.1880232     95.3897067     39.2322033
      70.000      35.7089502     65.2385679    112.6833532     40.2756499
      80.000      34.9763958     81.2250623    126.5435364     41.4744008
      90.000      34.0858677     96.7916870    137.5821322     42.7971196
     100.000      33.0425652    111.7607138    146.3950678     44.2186366
     110.000      31.8528992    126.0578915    153.4782445     45.7192672
     120.000      30.5237044    139.6669730    159.2202673     47.2837411
     130.000      29.0618048    152.6030481    163.9184442     48.9002010
     140.000      27.4737840    164.8971787    167.7985231     50.5593890
     150.000      25.7658736    176.5876471    171.0320270     52.2540207
     160.000      23.9439079    187.7150392    173.7499219     53.9783142
     170.000      22.0133156    198.3195474    176.0529203     55.7276386
     180.000      19.9791317    208.4395560    178.0191066     57.4982517
     190.000      17.8460195    218.1109660    179.7095447     59.2871030
     200.000      15.6182968    227.3669415    181.1724032     61.0916851
     210.000      13.2999638    236.2378918    182.4460024     62.9099210
     220.000      10.8947296    244.7515810    183.5610797     64.7400774
     230.000       8.4060385    252.9333005    184.5424846     66.5806976
     240.000       5.8370932    260.8060676    185.4104575     68.4305494
     250.000       3.1908769    268.3908295    186.1816023     70.2885843
     260.000       0.4701728    275.7066608    186.8696319     72.1539046
     270.000      -2.3224180    282.7709484    187.4859436     74.0257381
     280.000      -5.1844607    289.5995610    188.0400674     75.9034164
     290.000      -8.1136721    296.2070037    188.5400175     77.7863590
     300.000     -11.1079079    302.6065560    188.9925696     79.6740589
     310.000     -14.1651510    308.8103956    189.4034815     81.5660717
     320.000     -17.2835008    314.8297094    189.7776696     83.4620062
     330.000     -20.4611645    320.6747916    190.1193513     85.3615168
     340.000     -23.6964476    326.3551312    190.4321596     87.2642970
     350.000     -26.9877472    331.8794899    190.7192375     89.1700742
     360.000     -30.3335446    337.2559713    190.9833142     91.0786051
     370.000     -33.7323988    342.4920828    191.2267686     92.9896718
     380.000     -37.1829416    347.5947903    191.4516816     94.9030787
     390.000     -40.6838716    352.5705675    191.6598796     96.8186497
     400.000     -44.2339500    357.4254398    191.8529705     98.7362260
     410.000     -47.8319961    362.1650236    192.0323744    100.6556635
     420.000     -51.4768837    366.7945612    192.1993493    102.5768320
     430.000     -55.1675369    371.3189529    192.3550123    104.4996128
     440.000     -58.9029275    375.7427851    192.5003586    106.4238979
     450.000     -62.6820718    380.0703563    192.6362763    108.3495886
     460.000     -66.5040273    384.3056999    192.7635608    110.2765947
     470.000     -70.3678910    388.4526051    192.8829253    112.2048334
     480.000     -74.2727965    392.5146363    192.9950113    114.1342289
     490.000     -78.2179120    396.4951496    193.1003969    116.0647113
     500.000     -82.2024383    400.3973092    193.1996039    117.9962163
     510.000     -86.2256070    404.2241007    193.2931046    119.9286844
     520.000     -90.2866785    407.9783448    193.3813271    121.8620608
     530.000     -94.3849410    411.6627086    193.4646602    123.7962946
     540.000     -98.5197082    415.2797168    193.5434576    125.7313389
     550.000    -102.6903188    418.8317609    193.6180419    127.6671497
     560.000    -106.8961344    422.3211091    193.6887073    129.6036866
     570.000    -111.1365391    425.7499138    193.7557230    131.5409117
     580.000    -115.4109377    429.1202198    193.8193354    133.4787898
     590.000    -119.7187550    432.4339710    193.8797706    135.4172878
     600.000    -124.0594348    435.6930168    193.9372364    137.3563753
     610.000    -128.4324389    438.8991184    193.9919235    139.2960233
     620.000    -132.8372463    442.0539538    194.0440081    141.2362051
     630.000    -137.2733524    445.1591234    194.0936523    143.1768953
     640.000    -141.7402683    448.2161544    194.1410060    145.1180705
     650.000    -146.2375199    451.2265049    194.1862076    147.0597083
     660.000    -150.7646475    454.1915687    194.2293853    149.0017879
     670.000    -155.3212048    457.1126782    194.2706580    150.9442896
     680.000    -159.9067588    459.9911086    194.3101360    152.8871951
     690.000    -164.5208888    462.8280804    194.3479217    154.8304867
     700.000    -169.1631861    465.6247632    194.3841101    156.7741482
     710.000    -173.8332535    468.3822780    194.4187901    158.7181639
     720.000    -178.5307047    471.1016999    194.4520441    160.6625192
     730.000    -183.2551639    473.7840606    194.4839491    162.6072003
     740.000    -188.0062657    476.4303508    194.5145770    164.5521939
     750.000    -192.7836539    479.0415223    194.5439951    166.4974878
     760.000    -197.5869821    481.6184896    194.5722660    168.4430700
     770.000    -202.4159126    484.1621326    194.5994486    170.3889295
     780.000    -207.2701165    486.6732975    194.6255980    172.3350556
     790.000    -212.1492730    489.1527990    194.6507658    174.2814382
     800.000    -217.0530695    491.6014216    194.6750004    176.2280678
     810.000    -221.9812010    494.0199213    194.6983475    178.1749352
     820.000    -226.9333700    496.4090267    194.7208497    180.1220319
     830.000    -231.9092859    498.7694403    194.7425472    182.0693495
     840.000    -236.9086654    501.1018401    194.7634781    184.0168803
     850.000    -241.9312316    503.4068802    194.7836778    185.9646167
     860.000    -246.9767139    505.6851924    194.8031801    187.9125515
     870.000    -252.0448483    507.9373866    194.8220166    189.8606780
     880.000    -257.1353766    510.1640526    194.8402173    191.8089897
     890.000    -262.2480462    512.3657602    194.8578104    193.7574804
     900.000    -267.3826104    514.5430605    194.8748227    195.7061440
     910.000    -272.5388278    516.6964866    194.8912795    197.6549750
     920.000    -277.7164623    518.8265545    194.9072045    199.6039678
     930.000    -282.9152827    520.9337635    194.9226206    201.5531174
     940.000    -288.1350630    523.0185974    194.9375490    203.5024186
     950.000    -293.3755817    525.0815247    194.9520102    205.4518668
     960.000    -298.6366220    527.1229992    194.9660234    207.4014573
     970.000    -303.9179716    529.1434612    194.9796070    209.3511858
     980.000    -309.2194226    531.1433374    194.9927782    211.3010481
     990.000    -314.5407711    533.1230416    195.0055536    213.2510401
    1000.000    -319.8818175    535.0829754    195.0179490    215.2011579
    1010.000    -325.2423660    537.0235286    195.0299791    217.1513978
    1020.000    -330.6222247    538.9450794    195.0416583    219.1017563
    1030.000    -336.0212055    540.8479955    195.0530000    221.0522299
    1040.000    -341.4391237    542.7326336    195.0640170    223.0028152
    1050.000    -346.8757984    544.5993405    195.0747218    224.9535092
    1060.000    -352.3310519    546.4484533    195.0851258    226.9043086
    1070.000    -357.8047099    548.2802996    195.0952403    228.8552107
    1080.000    -363.2966014    550.0951981    195.1050760    230.8062125
    1090.000    -368.8065584    551.8934585    195.1146429    232.7573113
    1100.000    -374.3344161    553.6753824    195.1239508    234.7085045
    1110.000    -379.8800126    555.4412632    195.1330090    236.6597895
    1120.000    -385.4431888    557.1913864    195.1418262    238.6111639
    1130.000    -391.0237887    558.9260301    195.1504109    240.5626253
    1140.000    -396.6216587    560.6454650    195.1587713    242.5141714
    1150.000    -402.2366482    562.3499549    195.1669151    244.4658000
    1160.000    -407.8686089    564.0397568    195.1748497    246.4175090
    1170.000    -413.5173952    565.7151209    195.1825821    248.3692963
    1180.000    -419.1828640    567.3762915    195.1901193    250.3211600
    1190.000    -424.8648745    569.0235064    195.1974677    252.2730981
    1200.000    -430.5632884    570.6569976    195.2046336    254.2251087
    1210.000    -436.2779695    572.2769914    195.2116229    256.1771901
    1220.000    -442.0087839    573.8837086    195.2184414    258.1293406
    1230.000    -447.7556001    575.4773647    195.2250947    260.0815584
    1240.000    -453.5182884    577.0581696    195.2315880    262.0338420
    1250.000    -459.2967214    578.6263288    195.2379264    263.9861897
    1260.000    -465.0907735    580.1820424    195.2441147    265.9386000
    1270.000    -470.9003214    581.7255062    195.2501578    267.8910715
    1280.000    -476.7252434    583.2569110    195.2560601    269.8436027
    1290.000    -482.5654200    584.7764436    195.2618259    271.7961922
    1300.000    -488.4207333    586.2842862    195.2674594    273.7488387
    1310.000    -494.2910674    587.7806171    195.2729646    275.7015410
    1320.000    -500.1763079    589.2656102    195.2783455    277.6542976
    1330.000    -506.0763423    590.7394360    195.2836056    279.6071075
    1340.000    -511.9910599    592.2022607    195.2887486    281.5599693
    1350.000    -517.9203514    593.6542470    195.2937780    283.5128821
    1360.000    -523.8641093    595.0955543    195.2986970    285.4658445
    1370.000    -529.8222274    596.5263380    195.3035089    287.4188557
    1380.000    -535.7946015    597.9467506    195.3082167    289.3719144
    1390.000    -541.7811284    599.3569410    195.3128234    291.3250197
    1400.000    -547.7817067    600.7570551    195.3173320    293.2781705
    1410.000    -553.7962364    602.1472357    195.3217451    295.2313660
    1420.000    -559.8246188    603.5276224    195.3260655    297.1846051
    1430.000    -565.8667566    604.8983522    195.3302957    299.1378870
    1440.000    -571.9225541    606.2595589    195.3344382    301.0912107
    1450.000    -577.9919165    607.6113738    195.3384954    303.0445755
    1460.000    -584.0747507    608.9539254    195.3424697    304.9979804
    1470.000    -590.1709645    610.2873395    195.3463633    306.9514246
    1480.000    -596.2804674    611.6117397    195.3501783    308.9049074
    1490.000    -602.4031697    612.9272467    195.3539169    310.8584279
    1500.000    -608.5389831    614.2339790    195.3575810    312.8119854
    1510.000    -614.6878204    615.5320528    195.3611727    314.7655793
    1520.000    -620.8495957    616.8215818    195.3646939    316.7192087
    1530.000    -627.0242239    618.1026777    195.3681463    318.6728729
    1540.000    -633.2116215    619.3754499    195.3715318    320.6265714
    1550.000    -639.4117056    620.6400057    195.3748521    322.5803033
    1560.000    -645.6243946    621.8964505    195.3781088    324.5340682
    1570.000    -651.8496079    623.1448874    195.3813035    326.4878653
    1580.000    -658.0872659    624.3854177    195.3844379    328.4416941
    1590.000    -664.3372902    625.6181409    195.3875134    330.3955539
    1600.000    -670.5996031    626.8431545    195.3905315    332.3494441
    1610.000    -676.8741279    628.0605542    195.3934935    334.3033643
    1620.000    -683.1607891    629.2704339    195.3964010    336.2573138
    1630.000    -689.4595118    630.4728859    195.3992552    338.2112922
    1640.000    -695.7702223    631.6680007    195.4020574    340.1652988
    1650.000    -702.0928477    632.8558672    195.4048088    342.1193331
    1660.000    -708.4273158    634.0365726    195.4075108    344.0733948
    1670.000    -714.7735556    635.2102028    195.4101644    346.0274832
    1680.000    -721.1314966    636.3768420    195.4127708    347.9815979
    1690.000    -727.5010694    637.5365727    195.4153311    349.9357385
    1700.000    -733.8822053    638.6894763    195.4178465    351.8899044
    1710.000    -740.2748364    639.8356325    195.4203179    353.8440952
    1720.000    -746.6788957    640.9751199    195.4227463    355.7983106
    1730.000    -753.0943168    642.1080155    195.4251328    357.7525500
    1740.000    -759.5210343    643.2343951    195.4274783    359.7068131
    1750.000    -765.9589833    644.3543330    195.4297838    361.6610995
    1760.000    -772.4080997    645.4679025    195.4320501    363.6154087
    1770.000    -778.8683203    646.5751755    195.4342782    365.5697403
    1780.000    -785.3395825    647.6762228    195.4364689    367.5240941
    1790.000    -791.8218243    648.7711139    195.4386230    369.4784696
    1800.000    -798.3149845    649.8599172    195.4407413    371.4328664
    1810.000    -804.8190025    650.9426999    195.4428246    373.3872843
    1820.000    -811.3338186    652.0195283    195.4448737    375.3417228
    1830.000    -817.8593735    653.0904673    195.4468894    377.2961817
    1840.000    -824.3956085    654.1555810    195.4488723    379.2506605
    1850.000    -830.9424659    655.2149324    195.4508232    381.2051590
    1860.000    -837.4998882    656.2685834    195.4527427    383.1596769
    1870.000    -844.0678187    657.3165949    195.4546315    385.1142138
    1880.000    -850.6462015    658.3590271    195.4564903    387.0687694
    1890.000    -857.2349809    659.3959388    195.4583197    389.0233435
    1900.000    -863.8341020    660.4273883    195.4601204    390.9779357
    1910.000    -870.4435106    661.4534327    195.4618928    392.9325458
    1920.000    -877.0631529    662.4741283    195.4636377    394.8871734
    1930.000    -883.6929756    663.4895306    195.4653555    396.8418184
    1940.000    -890.3329260    664.4996941    195.4670468    398.7964805
    1950.000    -896.9829522    665.5046725    195.4687122    400.7511593
    1960.000    -903.6430024    666.5045189    195.4703522    402.7058546
    1970.000    -910.3130256    667.4992852    195.4719673    404.6605662
    1980.000    -916.9929713    668.4890228    195.4735581    406.6152939
    1990.000    -923.6827895    669.4737823    195.4751249    408.5700373
    2000.000    -930.3824305    670.4536134    195.4766683    410.5247963