       0.000     115.9566862      0.0000000      0.0000000    115.9566862
      10.000     115.9559333      0.3270621      1.0371055    115.9592039
      20.000     115.9430639      2.7905249      8.6563659    115.9988744
      30.000     115.8841593     10.0626945     32.2051470    116.1860402
      40.000     115.7162796     24.9054972     76.1777724    116.7124995
      50.000     115.3584236     47.9732751    134.3573792    117.7570873
      60.000     114.7332739     78.0855050    198.2570400    119.4184042
      70.000     113.7792340    113.4457799    261.7099916    121.7204386
      80.000     112.4526463    152.3307282    321.1758658    124.6391046
      90.000     110.7256202    193.3270549    375.0097670    128.1250551
     100.000     108.5826759    235.3621074    422.7406255    132.1188867
     110.000     106.0175290    277.6596487    464.5482867    136.5600904
     120.000     103.0304342    319.6776191    500.9283900    141.3917485
     130.000      99.6261435    361.0497652    532.4950903    146.5626129
     140.000      95.8123958    401.5378545    559.8738212    152.0276955
     150.000      91.5988298    440.9950223    583.6485173    157.7480831
     160.000      86.9962121    479.3386466    604.3398161    163.6903955
     170.000      82.0158988    516.5306887    622.3998475    169.8261159
     180.000      76.6694642    552.5636261    638.2152483    176.1309169
     190.000      70.9684481    587.4504674    652.1137493    182.5840369
     200.000      64.9241878    621.2177049    664.3718646    189.1677288
     210.000      58.5477098    653.9003652    675.2224522    195.8667865
     220.000      51.8496624    685.5385486    684.8615903    202.6681431
     230.000      44.8402779    716.1750262    693.4545776    209.5605340
     240.000      37.5293549    745.8535848    701.1410411    216.5342153
     250.000      29.9262536    774.6179021    708.0392232    223.5807292
     260.000      22.0399015    802.5107964    714.2495484    230.6927085
     270.000      13.8788040    829.5737401    719.8575764    237.8637138
     280.000       5.4510602    855.8465611    724.9364409    245.0880973
     290.000      -3.2356204    881.3672732    729.5488632    252.3608888
     300.000     -12.1738989    906.1719978    733.7488154    259.6777005
     310.000     -21.3567880    930.2949491    737.5828953    267.0346463
     320.000     -30.7776332    953.7684600    741.0914668    274.4282740
     330.000     -40.4300943    976.6230371    744.3096063    281.8555080
     340.000     -50.3081269    998.8874330    747.2678916    289.3136003
     350.000     -60.4059661   1020.5887292    749.9930606    296.8000891
     360.000     -70.7181096   1041.7524239    752.5085633    304.3127630
     370.000     -81.2393027   1062.4025223    754.8350252    311.8496305
     380.000     -91.9645236   1082.5616258    756.9906386    319.4088942
     390.000    -102.8889697   1102.2510188    758.9914929    326.9889276
     400.000    -114.0080452   1121.4907529    760.8518550    334.5882559
     410.000    -125.3173490   1140.2997265    762.5844075    342.2055389
     420.000    -136.8126634   1158.6957601    764.2004524    349.8395559
     430.000    -148.4899439   1176.6956679    765.7100852    357.4891933
     440.000    -160.3453093   1194.3153237    767.1223439    365.1534331
     450.000    -172.3750329   1211.5697237    768.4453378    372.8313427
     460.000    -184.5755336   1228.4730442    769.6863582    380.5220667
     470.000    -196.9433683   1245.0386956    770.8519747    388.2248186
     480.000    -209.4752244   1261.2793730    771.9481179    395.9388747
     490.000    -222.1679127   1277.2071021    772.9801521    403.6635673
     500.000    -235.0183613   1292.8332832    773.9529385    411.3982803
     510.000    -248.0236093   1308.1687307    774.8708899    419.1424434
     520.000    -261.1808011   1323.2237111    775.7380190    426.8955287
     530.000    -274.4871812   1338.0079769    776.5579812    434.6570466
     540.000    -287.9400892   1352.5307990    777.3341116    442.4265422
     550.000    -301.5369552   1366.8009964    778.0694574    450.2035929
     560.000    -315.2752951   1380.8269640    778.7668079    457.9878048
     570.000    -329.1527070   1394.6166982    779.4287191    465.7788109
     580.000    -343.1668671   1408.1778205    780.0575374    473.5762689
     590.000    -357.3155257   1421.5176004    780.6554192    481.3798586
     600.000    -371.5965044   1434.6429753    781.2243491    489.1892807
     610.000    -386.0076926   1447.5605701    781.7661561    497.0042552
     620.000    -400.5470443   1460.2767152    782.2825278    504.8245191
     630.000    -415.2125756   1472.7974631    782.7750234    512.6498261
     640.000    -430.0023616   1485.1286038    783.2450848    520.4799448
     650.000    -444.9145342   1497.2756795    783.6940474    528.3146575
     660.000    -459.9472794   1509.2439984    784.1231493    536.1537596
     670.000    -475.0988353   1521.0386469    784.5335392    543.9970581
     680.000    -490.3674897   1532.6645018    784.9262847    551.8443715
     690.000    -505.7515783   1544.1262414    785.3023784    559.6955283
     700.000    -521.2494825   1555.4283559    785.6627445    567.5503667
     710.000    -536.8596277   1566.5751569    786.0082442    575.4087337
     720.000    -552.5804817   1577.5707867    786.3396809    583.2704847
     730.000    -568.4105528   1588.4192270    786.6578044    591.1354829
     740.000    -584.3483884   1599.1243069    786.9633158    599.0035987
     750.000    -600.3925734   1609.6897103    787.2568703    606.8747094
     760.000    -616.5417288   1620.1189831    787.5390818    614.7486984
     770.000    -632.7945107   1630.4155400    787.8105251    622.6254551
     780.000    -649.1496082   1640.5826705    788.0717392    630.5048748
     790.000    -665.6057432   1650.6235452    788.3232300    638.3868575
     800.000    -682.1616685   1660.5412213    788.5654726    646.2713085
     810.000    -698.8161668   1670.3386475    788.7989135    654.1581376
     820.000    -715.5680501   1680.0186695    789.0239726    662.0472589
     830.000    -732.4161581   1689.5840343    789.2410453    669.9385905
     840.000    -749.3593575   1699.0373951    789.4505039    677.8320544
     850.000    -766.3965412   1708.3813147    789.6526993    685.7275763
     860.000    -783.5266272   1717.6182703    789.8479626    693.6250853
     870.000    -800.7485580   1726.7506569    790.0366061    701.5245135
     880.000    -818.0612995   1735.7807907    790.2189250    709.4257963
     890.000    -835.4638405   1744.7109127    790.3951981    717.3288719
     900.000    -852.9551916   1753.5431918    790.5656891    725.2336810
     910.000    -870.5343852   1762.2797279    790.7306475    733.1401672
     920.000    -888.2004738   1770.9225545    790.8903095    741.0482763
     930.000    -905.9525305   1779.4736419    791.0448989    748.9579565
     940.000    -923.7896472   1787.9348993    791.1946279    756.8691581
     950.000    -941.7109352   1796.3081776    791.3396975    764.7818335
     960.000    -959.7155235   1804.5952715    791.4802988    772.6959371
     970.000    -977.8025591   1812.7979220    791.6166128    780.6114252
     980.000    -995.9712061   1820.9178182    791.7488119    788.5282557
     990.000   -1014.2206451   1828.9565994    791.8770596    796.4463883
    1000.000   -1032.5500730   1836.9158573    792.0015115    804.3657842
    1010.000   -1050.9587024   1844.7971373    792.1223156    812.2864063
    1020.000   -1069.4457609   1852.6019409    792.2396129    820.2082188
    1030.000   -1088.0104911   1860.3317267    792.3535374    828.1311874
    1040.000   -1106.6521501   1867.9879124    792.4642171    836.0552788
    1050.000   -1125.3700086   1875.5718761    792.5717737    843.9804613
    1060.000   -1144.1633513   1883.0849581    792.6763234    851.9067042
    1070.000   -1163.0314759   1890.5284617    792.7779771    859.8339781
    1080.000   -1181.9736929   1897.9036549    792.8768406    867.7622545
    1090.000   -1200.9893254   1905.2117719    792.9730148    875.6915059
    1100.000   -1220.0777087   1912.4540135    793.0665963    883.6217061
    1110.000   -1239.2381900   1919.6315491    793.1576773    891.5528295
    1120.000   -1258.4701278   1926.7455174    793.2463458    899.4848516
    1130.000   -1277.7728921   1933.7970273    793.3326863    907.4177487
    1140.000   -1297.1458638   1940.7871593    793.4167794    915.3514979
    1150.000   -1316.5884342   1947.7169663    793.4987023    923.2860771
    1160.000   -1336.1000054   1954.5874744    793.5785289    931.2214649
    1170.000   -1355.6799894   1961.3996840    793.6563300    939.1576409
    1180.000   -1375.3278080   1968.1545704    793.7321735    947.0945850
    1190.000   -1395.0428929   1974.8530848    793.8061244    955.0322780
    1200.000   -1414.8246849   1981.4961553    793.8782451    962.9707014
    1210.000   -1434.6726342   1988.0846870    793.9485953    970.9098370
    1220.000   -1454.5861998   1994.6195634    794.0172325    978.8496676
    1230.000   -1474.5648495   2001.1016469    794.0842117    986.7901762
    1240.000   -1494.6080596   2007.5317791    794.1495860    994.7313465
    1250.000   -1514.7153147   2013.9107819    794.2134059   1002.6731627
    1260.000   -1534.8861075   2020.2394580    794.2757205   1010.6156096
    1270.000   -1555.1199387   2026.5185913    794.3365766   1018.5586723
    1280.000   -1575.4163167   2032.7489477    794.3960192   1026.5023364
    1290.000   -1595.7747575   2038.9312757    794.4540919   1034.4465881
    1300.000   -1616.1947846   2045.0663064    794.5108362   1042.3914138
    1310.000   -1636.6759284   2051.1547549    794.5662924   1050.3368005
    1320.000   -1657.2177267   2057.1973198    794.6204992   1058.2827355
    1330.000   -1677.8197241   2063.1946846    794.6734936   1066.2292064
    1340.000   -1698.4814720   2069.1475175    794.7253116   1074.1762014
    1350.000   -1719.2025282   2075.0564719    794.7759877   1082.1237089
    1360.000   -1739.9824573   2080.9221873    794.8255552   1090.0717175
    1370.000   -1760.8208299   2086.7452893    794.8740461   1098.0202164
    1380.000   -1781.7172231   2092.5263898    794.9214913   1105.9691949
    1390.000   -1802.6712197   2098.2660882    794.9679207   1113.9186428
    1400.000   -1823.6824088   2103.9649706    795.0133630   1121.8685501
    1410.000   -1844.7503850   2109.6236113    795.0578459   1129.8189069
    1420.000   -1865.8747487   2115.2425723    795.1013964   1137.7697039
    1430.000   -1887.0551060   2120.8224040    795.1440402   1145.7209318
    1440.000   -1908.2910682   2126.3636458    795.1858022   1153.6725817
    1450.000   -1929.5822520   2131.8668255    795.2267067   1161.6246450
    1460.000   -1950.9282795   2137.3324607    795.2667768   1169.5771131
    1470.000   -1972.3287778   2142.7610582    795.3060352   1177.5299778
    1480.000   -1993.7833789   2148.1531149    795.3445036   1185.4832312
    1490.000   -2015.2917199   2153.5091176    795.3822030   1193.4368653
    1500.000   -2036.8534427   2158.8295436    795.4191537   1201.3908727
    1510.000   -2058.4681938   2164.1148607    795.4553755   1209.3452460
    1520.000   -2080.1356244   2169.3655278    795.4908873   1217.2999779
    1530.000   -2101.8553903   2174.5819946    795.5257076   1225.2550614
    1540.000   -2123.6271517   2179.7647023    795.5598542   1233.2104898
    1550.000   -2145.4505733   2184.9140836    795.5933444   1241.1662563
    1560.000   -2167.3253237   2190.0305630    795.6261948   1249.1223545
    1570.000   -2189.2510762   2195.1145569    795.6584216   1257.0787781
    1580.000   -2211.2275080   2200.1664740    795.6900406   1265.0355209
    1590.000   -2233.2543001   2205.1867152    795.7210668   1272.9925770
    1600.000   -2255.3311380   2210.1756740    795.7515151   1280.9499403
    1610.000   -2277.4577106   2215.1337367    795.7813996   1288.9076054
    1620.000   -2299.6337110   2220.0612824    795.8107341   1296.8655665
    1630.000   -2321.8588358   2224.9586835    795.8395322   1304.8238183
    1640.000   -2344.1327854   2229.8263054    795.8678067   1312.7823554
    1650.000   -2366.4552638   2234.6645070    795.8955702   1320.7411727
    1660.000   -2388.8259787   2239.4736408    795.9228351   1328.7002651
    1670.000   -2411.2446409   2244.2540531    795.9496131   1336.6596278
    1680.000   -2433.7109651   2249.0060839    795.9759158   1344.6192558
    1690.000   -2456.2246691   2253.7300673    796.0017544   1352.5791445
    1700.000   -2478.7854741   2258.4263314    796.0271397   1360.5392894
    1710.000   -2501.3931044   2263.0951990    796.0520822   1368.4996859
    1720.000   -2524.0472878   2267.7369868    796.0765921   1376.4603296
    1730.000   -2546.7477549   2272.3520065    796.1006795   1384.4212163
    1740.000   -2569.4942397   2276.9405641    796.1243539   1392.3823418
    1750.000   -2592.2864790   2281.5029606    796.1476247   1400.3437020
    1760.000   -2615.1242127   2286.0394919    796.1705011   1408.3052930
    1770.000   -2638.0071836   2290.5504488    796.1929919   1416.2671108
    1780.000   -2660.9351374   2295.0361174    796.2151057   1424.2291516
    1790.000   -2683.9078226   2299.4967789    796.2368509   1432.1914117
    1800.000   -2706.9249905   2303.9327099    796.2582357   1440.1538874
    1810.000   -2729.9863953   2308.3441826    796.2792679   1448.1165752
    1820.000   -2753.0917935   2312.7314644    796.2999552   1456.0794716
    1830.000   -2776.2409448   2317.0948186    796.3203052   1464.0425732
    1840.000   -2799.4336110   2321.4345041    796.3403251   1472.0058766
    1850.000   -2822.6695568   2325.7507759    796.3600221   1479.9693786
    1860.000   -2845.9485493   2330.0438846    796.3794029   1487.9330760
    1870.000   -2869.2703581   2334.3140769    796.3984745   1495.8969656
    1880.000   -2892.6347553   2338.5615956    796.4172432   1503.8610445
    1890.000   -2916.0415153   2342.7866798    796.4357156   1511.8253095
    1900.000   -2939.4904149   2346.9895646    796.4538977   1519.7897578
    1910.000   -2962.9812333   2351.1704816    796.4717956   1527.7543865
    1920.000   -2986.5137520   2355.3296588    796.4894153   1535.7191928
    1930.000   -3010.0877548   2359.4673206    796.5067624   1543.6841739
    1940.000   -3033.7030275   2363.5836880    796.5238425   1551.6493271
    1950.000   -3057.3593583   2367.6789785    796.5406612   1559.6146499
    1960.000   -3081.0565375   2371.7534066    796.5572236   1567.5801395
    1970.000   -3104.7943576   2375.8071833    796.5735350   1575.5457935
    1980.000   -3128.5726130   2379.8405164    796.5896004   1583.5116094
    1990.000   -3152.3911004   2383.8536106    796.6054247   1591.4775847
    2000.000   -3176.2496185   2387.8466678    796.6210128   1599.4437171