       0.000      28.6217619      0.0000000      0.0000000     28.6217619
      10.000      28.6208851      0.2888643      0.6884520     28.6237738
      20.000      28.6119258      1.8424523      5.4456982     28.6487749
      30.000      28.5746531      6.1586056     17.9091257     28.7594113
      40.000      28.4780578     13.6399845     35.3475538     29.0236572
      50.000      28.2940083     23.4708730     53.2289238     29.4675520
      60.000      28.0042895     34.6168437     69.0899997     30.0813002
      70.000      27.5999450     46.2907622     82.2605332     30.8402984
      80.000      27.0783948     57.9956085     92.8980562     31.7180435
      90.000      26.4408897     69.4478115    101.4154924     32.6911927
     100.000      25.6907826     80.4994010    108.2414728     33.7407227
     110.000      24.8324660     91.0831772    113.7428905     34.8516155
     120.000      23.8707507    101.1782988    118.2118850     36.0121465
     130.000      22.8105140    110.7896639    121.8742458     37.2131703
     140.000      21.6565088    119.9358130    124.9026108     38.4475226
     150.000      20.4132649    128.6419145    127.4288051     39.7095521
     160.000      19.0850448    136.9357459    129.5538570     40.9947641
     170.000      17.6758303    144.8454313    131.3556778     42.2995537
     180.000      16.1893257    152.3982101    132.8948088     43.6210035
     190.000      14.6289699    159.6198081    134.2186786     44.9567334
     200.000      12.9979535    166.5341590    135.3647544     46.3047853
     210.000      11.2992371    173.1633280    136.3628789     47.6635360
     220.000       9.5355699    179.5275462    137.2370130     49.0316301
     230.000       7.7095075    185.6453062    138.0065445     50.4079279
     240.000       5.8234289    191.5334849    138.6872761     51.7914653
     250.000       3.8795516    197.2074773    139.2921796     53.1814210
     260.000       1.8799463    202.6813296    139.8319738     54.5770920
     270.000      -0.1734507    207.9678666    140.3155717     55.9778733
     280.000      -2.2788258    213.0788104    140.7504291     57.3832411
     290.000      -4.4344775    218.0248892    141.1428182     58.7927404
     300.000      -6.6388069    222.8159353    141.4980434     60.2059737
     310.000      -8.8903096    227.4609744    141.8206139     61.6225925
     320.000     -11.1875674    231.9683045    142.1143807     63.0422900
     330.000     -13.5292422    236.3455676    142.3826480     64.4647952
     340.000     -15.9140688    240.5998126    142.6282630     65.8898675
     350.000     -18.3408501    244.7375522    142.8536890     67.3172932
     360.000     -20.8084516    248.7648133    143.0610656     68.7468812
     370.000     -23.3157968    252.6871820    143.2522580     70.1784605
     380.000     -25.8618629    256.5098441    143.4288980     71.6118778
     390.000     -28.4456774    260.2376211    143.5924180     73.0469948
     400.000     -31.0663141    263.8750019    143.7440792     74.4836867
     410.000     -33.7228901    267.4261724    143.8849956     75.9218406
     420.000     -36.4145632    270.8950412    144.0161541     77.3613541
     430.000     -39.1405288    274.2852625    144.1384313     78.8021341
     440.000     -41.9000177    277.6002578    144.2526079     80.2440957
     450.000     -44.6922939    280.8432344    144.3593812     81.6871616
     460.000     -47.5166524    284.0172025    144.4593751     83.1312607
     470.000     -50.3724174    287.1249909    144.5531496     84.5763283
     480.000     -53.2589405    290.1692609    144.6412081     86.0223047
     490.000     -56.1755993    293.1525188    144.7240043     87.4691350
     500.000     -59.1217954    296.0771280    144.8019480     88.9167686
     510.000     -62.0969538    298.9453191    144.8754099     90.3651590
     520.000     -65.1005208    301.7591995    144.9447261     91.8142630
     530.000     -68.1319634    304.5207624    145.0102019     93.2640407
     540.000     -71.1907679    307.2318946    145.0721150     94.7144551
     550.000     -74.2764391    309.8943839    145.1307186     96.1654720
     560.000     -77.3884991    312.5099257    145.1862438     97.6170593
     570.000     -80.5264865    315.0801295    145.2389020     99.0691873
     580.000     -83.6899557    317.6065243    145.2888868    100.5218284
     590.000     -86.8784759    320.0905637    145.3363756    101.9749567
     600.000     -90.0916304    322.5336309    145.3815316    103.4285481
     610.000     -93.3290163    324.9370432    145.4245048    104.8825801
     620.000     -96.5902433    327.3020560    145.4654332    106.3370314
     630.000     -99.8749334    329.6298663    145.5044444    107.7918823
     640.000    -103.1827204    331.9216167    145.5416560    109.2471143
     650.000    -106.5132492    334.1783985    145.5771768    110.7027098
     660.000    -109.8661753    336.4012543    145.6111075    112.1586525
     670.000    -113.2411645    338.5911814    145.6435415    113.6149270
     680.000    -116.6378924    340.7491338    145.6745653    115.0715187
     690.000    -120.0560437    342.8760254    145.7042594    116.5284139
     700.000    -123.4953122    344.9727313    145.7326986    117.9855997
     710.000    -126.9554005    347.0400906    145.7599525    119.4430639
     720.000    -130.4360189    349.0789082    145.7860859    120.9007950
     730.000    -133.9368861    351.0899564    145.8111594    122.3587821
     740.000    -137.4577280    353.0739767    145.8352295    123.8170148
     750.000    -140.9982779    355.0316818    145.8583488    125.2754835
     760.000    -144.5582762    356.9637565    145.8805667    126.7341788
     770.000    -148.1374698    358.8708594    145.9019295    128.1930920
     780.000    -151.7356122    360.7536243    145.9224804    129.6522147
     790.000    -155.3524632    362.6126610    145.9422599    131.1115390
     800.000    -158.9877883    364.4485572    145.9613062    132.5710574
     810.000    -162.6413591    366.2618789    145.9796550    134.0307628
     820.000    -166.3129525    368.0531717    145.9973398    135.4906483
     830.000    -170.0023508    369.8229619    146.0143924    136.9507075
     840.000    -173.7093417    371.5717570    146.0308425    138.4109342
     850.000    -177.4337176    373.3000471    146.0467180    139.8713224
     860.000    -181.1752759    375.0083053    146.0620455    141.3318667
     870.000    -184.9338185    376.6969886    146.0768498    142.7925616
     880.000    -188.7091519    378.3665385    146.0911544    144.2534020
     890.000    -192.5010869    380.0173820    146.1049815    145.7143831
     900.000    -196.3094386    381.6499319    146.1183522    147.1755001
     910.000    -200.1340259    383.2645875    146.1312863    148.6367487
     920.000    -203.9746719    384.8617352    146.1438026    150.0981245
     930.000    -207.8312035    386.4417494    146.1559188    151.5596234
     940.000    -211.7034510    388.0049921    146.1676519    153.0212416
     950.000    -215.5912486    389.5518146    146.1790178    154.4829752
     960.000    -219.4944337    391.0825567    146.1900316    155.9448208
     970.000    -223.4128472    392.5975484    146.2007077    157.4067747
     980.000    -227.3463333    394.0971093    146.2110598    158.8688338
     990.000    -231.2947390    395.5815494    146.2211008    160.3309949
    1000.000    -235.2579148    397.0511697    146.2308431    161.7932548
    1010.000    -239.2357140    398.5062622    146.2402985    163.2556108
    1020.000    -243.2279926    399.9471103    146.2494779    164.7180599
    1030.000    -247.2346096    401.3739894    146.2583922    166.1805995
    1040.000    -251.2554267    402.7871669    146.2670513    167.6432269
    1050.000    -255.2903082    404.1869027    146.2754649    169.1059397
    1060.000    -259.3391208    405.5734493    146.2836423    170.5687354
    1070.000    -263.4017340    406.9470521    146.2915921    172.0316118
    1080.000    -267.4780195    408.3079500    146.2993227    173.4945665
    1090.000    -271.5678514    409.6563752    146.3068422    174.9575975
    1100.000    -275.6711062    410.9925535    146.3141580    176.4207027
    1110.000    -279.7876624    412.3167049    146.3212776    177.8838800
    1120.000    -283.9174009    413.6290433    146.3282078    179.3471276
    1130.000    -288.0602046    414.9297771    146.3349553    180.8104436
    1140.000    -292.2159585    416.2191093    146.3415264    182.2738261
    1150.000    -296.3845494    417.4972374    146.3479274    183.7372735
    1160.000    -300.5658665    418.7643540    146.3541639    185.2007841
    1170.000    -304.7598004    420.0206468    146.3602415    186.6643563
    1180.000    -308.9662440    421.2662986    146.3661657    188.1279884
    1190.000    -313.1850915    422.5014879    146.3719415    189.5916791
    1200.000    -317.4162394    423.7263885    146.3775739    191.0554268
    1210.000    -321.6595856    424.9411700    146.3830675    192.5192301
    1220.000    -325.9150296    426.1459978    146.3884268    193.9830877
    1230.000    -330.1824729    427.3410334    146.3936563    195.4469982
    1240.000    -334.4618182    428.5264343    146.3987600    196.9109604
    1250.000    -338.7529700    429.7023544    146.4037420    198.3749730
    1260.000    -343.0558342    430.8689437    146.4086061    199.8390348
    1270.000    -347.3703182    432.0263488    146.4133559    201.3031447
    1280.000    -351.6963310    433.1747130    146.4179951    202.7673016
    1290.000    -356.0337828    434.3141761    146.4225271    204.2315043
    1300.000    -360.3825853    435.4448747    146.4269551    205.6957518
    1310.000    -364.7426516    436.5669424    146.4312822    207.1600431
    1320.000    -369.1138958    437.6805098    146.4355116    208.6243771
    1330.000    -373.4962338    438.7857044    146.4396461    210.0887530
    1340.000    -377.8895824    439.8826509    146.4436886    211.5531697
    1350.000    -382.2938598    440.9714713    146.4476417    213.0176264
    1360.000    -386.7089852    442.0522849    146.4515081    214.4821223
    1370.000    -391.1348792    443.1252084    146.4552903    215.9466563
    1380.000    -395.5714634    444.1903560    146.4589907    217.4112278
    1390.000    -400.0186607    445.2478393    146.4626117    218.8758359
    1400.000    -404.4763950    446.2977677    146.4661555    220.3404798
    1410.000    -408.9445913    447.3402482    146.4696243    221.8051587
    1420.000    -413.4231755    448.3753856    146.4730201    223.2698720
    1430.000    -417.9120748    449.4032823    146.4763451    224.7346189
    1440.000    -422.4112174    450.4240389    146.4796012    226.1993987
    1450.000    -426.9205322    451.4377537    146.4827903    227.6642107
    1460.000    -431.4399493    452.4445230    146.4859141    229.1290543
    1470.000    -435.9693998    453.4444412    146.4889745    230.5939288
    1480.000    -440.5088156    454.4376008    146.4919732    232.0588336
    1490.000    -445.0581296    455.4240923    146.4949118    233.5237680
    1500.000    -449.6172755    456.4040047    146.4977919    234.9887316
    1510.000    -454.1861880    457.3774250    146.5006151    236.4537237
    1520.000    -458.7648026    458.3444384    146.5033828    237.9187437
    1530.000    -463.3530557    459.3051287    146.5060965    239.3837912
    1540.000    -467.9508844    460.2595778    146.5087576    240.8488655
    1550.000    -472.5582267    461.2078664    146.5113674    242.3139661
    1560.000    -477.1750215    462.1500732    146.5139272    243.7790927
    1570.000    -481.8012082    463.0862756    146.5164384    245.2442445
    1580.000    -486.4367272    464.0165497    146.5189021    246.7094213
    1590.000    -491.0815197    464.9409699    146.5213195    248.1746224
    1600.000    -495.7355273    465.8596093    146.5236917    249.6398475
    1610.000    -500.3986928    466.7725397    146.5260200    251.1050961
    1620.000    -505.0709593    467.6798315    146.5283054    252.5703678
    1630.000    -509.7522709    468.5815540    146.5305488    254.0356621
    1640.000    -514.4425721    469.4777748    146.5327514    255.5009786
    1650.000    -519.1418083    470.3685607    146.5349142    256.9663170
    1660.000    -523.8499254    471.2539772    146.5370380    258.4316768
    1670.000    -528.5668701    472.1340885    146.5391238    259.8970576
    1680.000    -533.2925897    473.0089576    146.5411725    261.3624591
    1690.000    -538.0270320    473.8786467    146.5431850    262.8278809
    1700.000    -542.7701456    474.7432166    146.5451621    264.2933227
    1710.000    -547.5218795    475.6027272    146.5471047    265.7587841
    1720.000    -552.2821834    476.4572373    146.5490135    267.2242647
    1730.000    -557.0510077    477.3068046    146.5508894    268.6897642
    1740.000    -561.8283032    478.1514860    146.5527331    270.1552824
    1750.000    -566.6140214    478.9913372    146.5545453    271.6208188
    1760.000    -571.4081141    479.8264132    146.5563267    273.0863732
    1770.000    -576.2105339    480.6567678    146.5580780    274.5519452
    1780.000    -581.0212339    481.4824542    146.5597999    276.0175346
    1790.000    -585.8401676    482.3035244    146.5614931    277.4831411
    1800.000    -590.6672891    483.1200297    146.5631582    278.9487644
    1810.000    -595.5025531    483.9320206    146.5647957    280.4144042
    1820.000    -600.3459147    484.7395466    146.5664064    281.8800602
    1830.000    -605.1973293    485.5426566    146.5679908    283.3457322
    1840.000    -610.0567532    486.3413985    146.5695494    284.8114199
    1850.000    -614.9241429    487.1358195    146.5710829    286.2771231
    1860.000    -619.7994554    487.9259661    146.5725917    287.7428415
    1870.000    -624.6826481    488.7118840    146.5740764    289.2085749
    1880.000    -629.5736791    489.4936181    146.5755375    290.6743230
    1890.000    -634.4725067    490.2712128    146.5769755    292.1400855
    1900.000    -639.3790897    491.0447116    146.5783908    293.6058624
    1910.000    -644.2933874    491.8141574    146.5797840    295.0716533
    1920.000    -649.2153595    492.5795925    146.5811556    296.5374580
    1930.000    -654.1449660    493.3410582    146.5825058    298.0032763
    1940.000    -659.0821676    494.0985957    146.5838353    299.4691081
    1950.000    -664.0269250    494.8522451    146.5851444    300.9349530
    1960.000    -668.9791996    495.6020462    146.5864335    302.4008109
    1970.000    -673.9389532    496.3480380    146.5877030    303.8666816
    1980.000    -678.9061478    497.0902589    146.5889534    305.3325649
    1990.000    -683.8807460    497.8287470    146.5901850    306.7984606
    2000.000    -688.8627105    498.5635395    146.5913981    308.2643685