       0.000      82.9739219      0.0000000      0.0000000     82.9739219
      10.000      82.9720817      0.5134519      0.9974162     82.9772162
      20.000      82.9588632      2.5121152      6.5502177     83.0091055
      30.000      82.9119460      7.4376213     19.9399170     83.1350746
      40.000      82.7988136     15.7101252     39.0489695     83.4272187
      50.000      82.5889264     26.6197264     59.3915841     83.9199127
      60.000      82.2610698     39.1422957     78.1660030     84.6096075
      70.000      81.8035056     52.4471855     94.4431765     85.4748085
      80.000      81.2113730     65.9853690    108.2495410     86.4902026
      90.000      80.4841285     79.4292308    119.9448979     87.6327593
     100.000      79.6237177     92.5972037    129.9395197     88.8834381
     110.000      78.6334174    105.3969748    138.5920033     90.2270846
     120.000      77.5171424    117.7884433    146.1853512     91.6517556
     130.000      76.2790466    129.7610043    152.9324863     93.1479772
     140.000      74.9233015    141.3200763    158.9902973     94.7081121
     150.000      73.4539783    152.4792954    164.4739793     96.3258726
     160.000      71.8749904    163.2560905    169.4689294     97.9959649
     170.000      70.1900687    173.6692368    174.0397210     99.7138389
     180.000      68.4027551    183.7375483    178.2365153    101.4755138
     190.000      66.5164064    193.4792149    182.0994858    103.2774572
     200.000      64.5342019    202.9114995    185.6617992    105.1165018
     210.000      62.4591535    212.0506274    188.9515968    106.9897852
     220.000      60.2941159    220.9117784    191.9932998    108.8947071
     230.000      58.0417972    229.5091271    194.8084712    110.8288964
     240.000      55.7047685    237.8559060    197.4163898    112.7901859
     250.000      53.2854730    245.9644740    199.8344401    114.7765915
     260.000      50.7862344    253.8463850    202.0783869    116.7862945
     270.000      48.2092647    261.5124524    204.1625756    118.8176268
     280.000      45.5566710    268.9728079    206.1000867    120.8690572
     290.000      42.8304625    276.2369554    207.9028602    122.9391795
     300.000      40.0325561    283.3138188    209.5818015    125.0267018
     310.000      37.1647824    290.2117862    211.1468725    127.1304361
     320.000      34.2288904    296.9387491    212.6071742    129.2492901
     330.000      31.2265526    303.5021380    213.9710206    131.3822581
     340.000      28.1593695    309.9089556    215.2460074    133.5284144
     350.000      25.0288733    316.1658056    216.4390739    135.6869053
     360.000      21.8365324    322.2789209    217.5565610    137.8569440
     370.000      18.5837544    328.2541881    218.6042640    140.0378040
     380.000      15.2718896    334.0971704    219.5874810    142.2288143
     390.000      11.9022343    339.8131294    220.5110575    144.4293548
     400.000       8.4760338    345.4070443    221.3794272    146.6388515
     410.000       4.9944845    350.8836302    222.1966489    148.8567729
     420.000       1.4587374    356.2473549    222.9664407    151.0826264
     430.000      -2.1301005    361.5024547    223.6922105    153.3159550
     440.000      -5.7709631    366.6529487    224.3770841    155.5563343
     450.000      -9.4628235    371.7026522    225.0239308    157.8033700
     460.000     -13.2046923    376.6551897    225.6353863    160.0566950
     470.000     -16.9956149    381.5140059    226.2138738    162.3159678
     480.000     -20.8346709    386.2823770    226.7616227    164.5808700
     490.000     -24.7209714    390.9634206    227.2806860    166.8511047
     500.000     -28.6536581    395.5601052    227.7729556    169.1263945
     510.000     -32.6319018    400.0752590    228.2401769    171.4064803
     520.000     -36.6549005    404.5115778    228.6839611    173.6911199
     530.000     -40.7218791    408.8716330    229.1057969    175.9800864
     540.000     -44.8320872    413.1578786    229.5070611    178.2731673
     550.000     -48.9847985    417.3726578    229.8890281    180.5701633
     560.000     -53.1793096    421.5182090    230.2528784    182.8708874
     570.000     -57.4149390    425.5966722    230.5997066    185.1751641
     580.000     -61.6910262    429.6100939    230.9305285    187.4828282
     590.000     -66.0069307    433.5604324    231.2462875    189.7937245
     600.000     -70.3620309    437.4495626    231.5478605    192.1077067
     610.000     -74.7557239    441.2792803    231.8360633    194.4246371
     620.000     -79.1874242    445.0513067    232.1116556    196.7443859
     630.000     -83.6565632    448.7672917    232.3753452    199.0668306
     640.000     -88.1625885    452.4288186    232.6277920    201.3918554
     650.000     -92.7049631    456.0374064    232.8696122    203.7193510
     660.000     -97.2831650    459.5945139    233.1013813    206.0492141
     670.000    -101.8966865    463.1015424    233.3236370    208.3813469
     680.000    -106.5450334    466.5598386    233.5368825    210.7156568
     690.000    -111.2277251    469.9706975    233.7415889    213.0520561
     700.000    -115.9442934    473.3353643    233.9381975    215.3904616
     710.000    -120.6942824    476.6550379    234.1271220    217.7307945
     720.000    -125.4772481    479.9308719    234.3087504    220.0729797
     730.000    -130.2927575    483.1639778    234.4834472    222.4169464
     740.000    -135.1403888    486.3554263    234.6515547    224.7626267
     750.000    -140.0197306    489.5062495    234.8133948    227.1099566
     760.000    -144.9303817    492.6174426    234.9692701    229.4588747
     770.000    -149.8719505    495.6899657    235.1194658    231.8093230
     780.000    -154.8440552    498.7247451    235.2642502    234.1612460
     790.000    -159.8463226    501.7226753    235.4038763    236.5145908
     800.000    -164.8783887    504.6846198    235.5385829    238.8693071
     810.000    -169.9398978    507.6114132    235.6685950    241.2253469
     820.000    -175.0305025    510.5038617    235.7941254    243.5826641
     830.000    -180.1498632    513.3627449    235.9153749    245.9412151
     840.000    -185.2976480    516.1888167    236.0325335    248.3009580
     850.000    -190.4735326    518.9828062    236.1457809    250.6618527
     860.000    -195.6771996    521.7454194    236.2552869    253.0238611
     870.000    -200.9083387    524.4773393    236.3612128    255.3869465
     880.000    -206.1666463    527.1792275    236.4637109    257.7510740
     890.000    -211.4518252    529.8517248    236.5629259    260.1162098
     900.000    -216.7635848    532.4954520    236.6589950    262.4823220
     910.000    -222.1016404    535.1110110    236.7520483    264.8493797
     920.000    -227.4657131    537.6989853    236.8422094    267.2173533
     930.000    -232.8555300    540.2599405    236.9295955    269.5862146
     940.000    -238.2708237    542.7944256    237.0143184    271.9559363
     950.000    -243.7113321    545.3029732    237.0964839    274.3264924
     960.000    -249.1767984    547.7861003    237.1761930    276.6978578
     970.000    -254.6669710    550.2443087    237.2535417    279.0700084
     980.000    -260.1816032    552.6780860    237.3286214    281.4429211
     990.000    -265.7204529    555.0879055    237.4015191    283.8165736
    1000.000    -271.2832830    557.4742274    237.4723179    286.1909445
    1010.000    -276.8698606    559.8374988    237.5410968    288.5660132
    1020.000    -282.4799575    562.1781544    237.6079312    290.9417599
    1030.000    -288.1133497    564.4966168    237.6728931    293.3181656
    1040.000    -293.7698173    566.7932972    237.7360513    295.6952118
    1050.000    -299.4491444    569.0685955    237.7974714    298.0728808
    1060.000    -305.1511192    571.3229008    237.8572159    300.4511556
    1070.000    -310.8755337    573.5565920    237.9153450    302.8300198
    1080.000    -316.6221836    575.7700379    237.9719158    305.2094573
    1090.000    -322.3908682    577.9635975    238.0269830    307.5894531
    1100.000    -328.1813904    580.1376205    238.0805992    309.9699922
    1110.000    -333.9935566    582.2924477    238.1328144    312.3510604
    1120.000    -339.8271765    584.4284111    238.1836768    314.7326439
    1130.000    -345.6820630    586.5458341    238.2332323    317.1147296
    1140.000    -351.5580324    588.6450323    238.2815249    319.4973044
    1150.000    -357.4549039    590.7263130    238.3285970    321.8803560
    1160.000    -363.3724999    592.7899762    238.3744891    324.2638724
    1170.000    -369.3106457    594.8363143    238.4192399    326.6478420
    1180.000    -375.2691694    596.8656127    238.4628869    329.0322535
    1190.000    -381.2479021    598.8781498    238.5054657    331.4170961
    1200.000    -387.2466775    600.8741974    238.5470107    333.8023594
    1210.000    -393.2653320    602.8540207    238.5875550    336.1880330
    1220.000    -399.3037047    604.8178786    238.6271301    338.5741072
    1230.000    -405.3616372    606.7660241    238.6657666    340.9605725
    1240.000    -411.4389736    608.6987041    238.7034937    343.3474195
    1250.000    -417.5355605    610.6161599    238.7403396    345.7346394
    1260.000    -423.6512468    612.5186272    238.7763314    348.1222235
    1270.000    -429.7858838    614.4063363    238.8114951    350.5101633
    1280.000    -435.9393251    616.2795124    238.8458557    352.8984507
    1290.000    -442.1114264    618.1383754    238.8794375    355.2870778
    1300.000    -448.3020456    619.9831404    238.9122636    357.6760369
    1310.000    -454.5110429    621.8140180    238.9443564    360.0653207
    1320.000    -460.7382804    623.6312137    238.9757376    362.4549217
    1330.000    -466.9836222    625.4349288    239.0064278    364.8448331
    1340.000    -473.2469347    627.2253602    239.0364471    367.2350480
    1350.000    -479.5280858    629.0027005    239.0658149    369.6255599
    1360.000    -485.8269457    630.7671382    239.0945497    372.0163622
    1370.000    -492.1433862    632.5188577    239.1226695    374.4074488
    1380.000    -498.4772810    634.2580396    239.1501917    376.7988136
    1390.000    -504.8285058    635.9848608    239.1771330    379.1904507
    1400.000    -511.1969376    637.6994943    239.2035096    381.5823544
    1410.000    -517.5824556    639.4021097    239.2293370    383.9745191
    1420.000    -523.9849403    641.0928730    239.2546304    386.3669393
    1430.000    -530.4042741    642.7719469    239.2794042    388.7596099
    1440.000    -536.8403408    644.4394907    239.3036727    391.1525257
    1450.000    -543.2930260    646.0956605    239.3274492    393.5456818
    1460.000    -549.7622166    647.7406094    239.3507471    395.9390731
    1470.000    -556.2478013    649.3744874    239.3735790    398.3326951
    1480.000    -562.7496700    650.9974413    239.3959572    400.7265432
    1490.000    -569.2677142    652.6096154    239.4178936    403.1206128
    1500.000    -575.8018268    654.2111510    239.4393998    405.5148996
    1510.000    -582.3519022    655.8021865    239.4604867    407.9093994
    1520.000    -588.9178360    657.3828579    239.4811653    410.3041080
    1530.000    -595.4995252    658.9532985    239.5014459    412.6990214
    1540.000    -602.0968683    660.5136389    239.5213388    415.0941356
    1550.000    -608.7097648    662.0640075    239.5408535    417.4894469
    1560.000    -615.3381156    663.6045302    239.5599997    419.8849515
    1570.000    -621.9818230    665.1353304    239.5787866    422.2806457
    1580.000    -628.6407902    666.6565293    239.5972229    424.6765260
    1590.000    -635.3149220    668.1682459    239.6153175    427.0725890
    1600.000    -642.0041239    669.6705970    239.6330785    429.4688313
    1610.000    -648.7083031    671.1636973    239.6505142    431.8652495
    1620.000    -655.4273674    672.6476592    239.6676325    434.2618405
    1630.000    -662.1612262    674.1225934    239.6844409    436.6586011
    1640.000    -668.9097896    675.5886085    239.7009468    439.0555283
    1650.000    -675.6729690    677.0458109    239.7171575    441.4526191
    1660.000    -682.4506767    678.4943056    239.7330799    443.8498705
    1670.000    -689.2428264    679.9341953    239.7487209    446.2472797
    1680.000    -696.0493323    681.3655811    239.7640869    448.6448440
    1690.000    -702.8701100    682.7885625    239.7791844    451.0425606
    1700.000    -709.7050759    684.2032369    239.7940195    453.4404268
    1710.000    -716.5541474    685.6097003    239.8085983    455.8384401
    1720.000    -723.4172428    687.0080470    239.8229267    458.2365980
    1730.000    -730.2942815    688.3983696    239.8370103    460.6348978
    1740.000    -737.1851838    689.7807593    239.8508546    463.0333374
    1750.000    -744.0898706    691.1553056    239.8644651    465.4319142
    1760.000    -751.0082640    692.5220966    239.8778469    467.8306259
    1770.000    -757.9402870    693.8812188    239.8910052    470.2294703
    1780.000    -764.8858631    695.2327575    239.9039448    472.6284453
    1790.000    -771.8449171    696.5767964    239.9166706    475.0275485
    1800.000    -778.8173743    697.9134180    239.9291872    477.4267780
    1810.000    -785.8031610    699.2427031    239.9414992    479.8261316
    1820.000    -792.8022042    700.5647316    239.9536111    482.2256073
    1830.000    -799.8144317    701.8795819    239.9655270    484.6252032
    1840.000    -806.8397722    703.1873312    239.9772513    487.0249172
    1850.000    -813.8781549    704.4880554    239.9887879    489.4247476
    1860.000    -820.9295101    705.7818293    240.0001409    491.8246924
    1870.000    -827.9937686    707.0687264    240.0113141    494.2247498
    1880.000    -835.0708620    708.3488192    240.0223113    496.6249181
    1890.000    -842.1607225    709.6221788    240.0331362    499.0251954
    1900.000    -849.2632833    710.8888755    240.0437923    501.4255802
    1910.000    -856.3784781    712.1489784    240.0542831    503.8260707
    1920.000    -863.5062411    713.4025555    240.0646120    506.2266653
    1930.000    -870.6465076    714.6496736    240.0747824    508.6273624
    1940.000    -877.7992133    715.8903988    240.0847973    511.0281605
    1950.000    -884.9642945    717.1247961    240.0946601    513.4290579
    1960.000    -892.1416883    718.3529293    240.1043736    515.8300532
    1970.000    -899.3313324    719.5748616    240.1139411    518.2311449
    1980.000    -906.5331651    720.7906549    240.1233652    520.6323315
    1990.000    -913.7471253    722.0003703    240.1326489    523.0336117
    2000.000    -920.9731525    723.2040682    240.1417950    525.4349840